Container length: 24400
Container width: 12200
Boxes Volume: 2.936493E8
Container Volume: 297680000
Utilization: 98.6459621069605

Packed Boxes: 16
format: x y length width
0 0  7080 3580
17320 0  7080 3580
17320 8620  7080 3580
0 8620  7080 3580
0 3580  7080 3580
21030 3580  3370 1710
7080 0  5670 12060
12750 0  3380 10170
16130 5290  7510 3330
0 7160  6610 1080
12750 10170  3570 1910
16130 3580  4740 1700
16130 0  1080 3430
16320 8620  880 3180
0 8240  7080 380
23640 5290  680 3210

numOfBlemishes: 0
