Container length: 24400
Container width: 12200
Boxes Volume: 2.412756E8
Container Volume: 297680000
Utilization: 81.05200214995969

Packed Boxes: 26
format: x y length width
0 0  7710 680
18690 7400  5710 4800
0 4490  680 7710
16690 0  7710 680
680 9120  1580 3080
18200 680  6200 4740
0 680  2110 3370
2260 3800  680 8400
2110 680  8710 680
2940 3590  1080 8610
2110 1360  8710 1080
680 5440  880 3680
4020 3590  680 8610
2110 2440  3780 880
4700 10500  2830 1700
15790 6720  8610 680
16690 5420  7710 1080
16480 8530  2210 3670
4700 9420  9910 1080
16090 680  2110 3370
4700 8740  8400 680
7530 11120  7710 1080
4700 3320  2880 1580
4700 7660  7510 1080
12080 0  4010 5730
7580 2440  4000 4855

numOfBlemishes: 0
