Container length: 24400
Container width: 12200
Boxes Volume: 2.945736E8
Container Volume: 297680000
Utilization: 98.95646331631282

Packed Boxes: 16
format: x y length width
0 0  7510 3570
18730 8990  5670 3210
0 7020  7710 5180
19230 0  5170 5710
16700 5740  7700 3250
0 3570  7510 3330
11720 0  7510 1080
16830 9170  1900 3030
11720 1080  7510 3570
7510 0  4210 3570
10610 8990  6220 3210
7710 8800  2760 3400
7590 4650  11640 1080
11960 5790  4740 3200
7510 3570  4210 1080
7710 5770  4200 3030

numOfBlemishes: 0
