Container length: 24400
Container width: 12200
Boxes Volume: 2.901211E8
Container Volume: 297680000
Utilization: 97.46072964256919

Packed Boxes: 19
format: x y length width
0 0  7580 3580
20680 8835  3720 3365
0 10320  5100 1880
17000 0  7400 880
23720 880  680 7720
9040 880  14680 580
0 3740  3580 6580
18140 1460  5580 6580
13100 8620  7580 3580
5740 8040  17980 580
5100 8620  7580 3580
3580 3740  980 6580
12780 0  4220 880
7580 0  580 3580
8270 1460  9870 5950
4560 3580  3580 3720
8160 0  4220 880
4560 7460  6580 580
11560 7460  6580 580

numOfBlemishes: 0
