Container length: 24400
Container width: 12200
Boxes Volume: 2.888553E8
Container Volume: 297680000
Utilization: 97.03550792797634

Packed Boxes: 18
format: x y length width
0 0  8720 3260
0 8920  23080 3280
0 3260  8720 3260
0 8140  23280 780
0 7210  16080 930
0 6730  23280 480
8720 0  8720 3260
8720 3260  8720 3260
17440 0  5620 4565
16080 7230  3140 910
17440 4565  3140 910
17440 5550  5000 1180
23060 0  1180 2580
23080 9620  1180 2580
19220 7260  2600 880
20580 4565  2580 910
23160 2580  1180 4080
23280 7040  910 2580

numOfBlemishes: 0
