Container length: 24400
Container width: 12200
Boxes Volume: 2.88740672E8
Container Volume: 297680000
Utilization: 96.99700080623488

Packed Boxes: 33
format: x y length width
0 0  5035 4360
19365 0  5035 4360
19365 7840  5035 4360
0 9620  8060 2580
0 7440  8640 2180
0 4360  7830 2180
15580 4360  8820 1080
15580 6760  8820 1080
0 6560  4470 880
5035 0  4795 1320
14570 10880  4795 1320
15285 0  4080 1480
20110 5440  4290 1080
15625 9400  3740 1480
5035 1320  3740 1480
15625 1480  3740 1480
15625 7920  3740 1480
5035 2800  4080 1480
15285 2960  4080 1080
8060 11420  6430 780
8060 10540  6300 880
14505 0  780 9130
4470 6660  8820 780
8060 9660  6300 880
15315 5440  4795 1320
9830 0  4600 2092
14375 9230  1250 1650
8640 7568  4600 2092
9115 2092  4580 2256
13725 2092  780 3120
7830 4280  880 2300
13295 5580  1080 4080
8710 4348  4580 2256

numOfBlemishes: 0
