BatchNo,UPI,Qty,Color,Length,Width,IsSpecial,Rotatable
Mixed2,000184001,1,1,740.0000,388.0000,0,0
Mixed2,000184002,1,0,388.0000,740.0000,0,0
Mixed2,000184003,1,1,792.0000,388.0000,0,0
Mixed2,000184008,1,1,316.0000,540.0000,0,0
Mixed2,000184009,1,1,792.0000,387.5000,0,0
Mixed2,000184010,1,1,316.0000,387.5000,0,0
Mixed2,000184019,1,1,1718.0000,368.0000,0,0
Mixed2,000184020,1,0,1768.0000,368.0000,0,0
Mixed2,000184021,1,1,792.0000,368.0000,0,0
Mixed2,000184022,1,1,792.0000,508.0000,0,0
Mixed2,000184026,1,1,792.0000,367.5000,0,0
Mixed2,000184027,1,1,792.0000,367.5000,0,0
Mixed2,000184028,1,1,792.0000,367.5000,0,0
Mixed2,000184031,1,0,740.0000,538.0000,0,0
Mixed2,000184032,1,1,377.0000,558.0000,0,0
Mixed2,000184033,1,1,1210.0000,560.0000,0,0
Mixed2,000184034,1,1,1210.0000,537.5000,0,0
Mixed2,000184037,1,0,487.0000,558.0000,0,0
Mixed2,000184049,1,1,1973.0000,608.0000,0,0
Mixed2,000184050,1,0,1973.0000,608.0000,0,0
Mixed2,000184051,1,1,1922.0000,608.0000,0,0
Mixed2,000184052,1,1,1922.0000,508.0000,0,0
Mixed2,000184066,1,1,1857.0000,508.0000,0,0
Mixed2,000184067,1,1,1857.0000,508.0000,0,0
Mixed2,000184068,1,1,488.0000,507.0000,0,0
Mixed2,000184069,1,1,488.0000,507.0000,0,0
Mixed2,000184070,1,1,707.0000,507.0000,0,0
Mixed2,000184071,1,1,707.0000,507.0000,0,0
Mixed2,000184082,1,1,508.0000,588.0000,0,0
Mixed2,000184083,1,0,508.0000,588.0000,0,0
Mixed2,000184084,1,0,1922.0000,588.0000,0,0
Mixed2,000184085,1,1,1922.0000,588.0000,0,0
Mixed2,000184086,1,1,472.0000,587.5000,0,0
Mixed2,000184087,1,1,472.0000,587.5000,0,0
Mixed2,000184091,1,1,2278.0000,558.0000,0,0
Mixed2,000184092,1,0,2278.0000,558.0000,0,0
Mixed2,000184093,1,1,572.0000,558.0000,0,0
Mixed2,000184094,1,1,572.0000,558.0000,0,0
Mixed2,000184097,1,1,572.0000,557.5000,0,0
Mixed2,000184098,1,1,572.0000,557.5000,0,0
Mixed2,000184099,1,1,572.0000,557.5000,0,0
Mixed2,000184100,1,1,572.0000,557.5000,0,0
Mixed2,000184101,1,1,572.0000,628.0000,0,0
Mixed2,000187001,1,1,2248.0000,258.0000,0,0
Mixed2,000187002,1,0,2248.0000,258.0000,0,0
Mixed2,000187003,1,1,292.0000,258.0000,0,0
Mixed2,000187004,1,1,292.0000,258.0000,0,0
Mixed2,000187007,1,1,292.0000,257.5000,0,0
Mixed2,000187008,1,1,292.0000,257.5000,0,0
Mixed2,000187009,1,1,292.0000,257.5000,0,0
Mixed2,000187010,1,1,292.0000,257.5000,0,0
Mixed2,000187016,1,0,642.0000,292.0000,0,0
Mixed2,000187021,1,1,1993.0000,608.0000,0,0
Mixed2,000187022,1,0,1993.0000,608.0000,0,0
Mixed2,000187023,1,1,2117.0000,608.0000,0,0
Mixed2,000187024,1,1,2117.0000,508.0000,0,0
Mixed2,000187038,1,1,1877.0000,508.0000,0,0
Mixed2,000187039,1,1,1877.0000,508.0000,0,0
Mixed2,000187040,1,1,785.0000,507.0000,0,0
Mixed2,000187041,1,1,528.0000,507.0000,0,0
Mixed2,000187042,1,1,784.0000,507.0000,0,0
Mixed2,000187043,1,1,528.0000,507.0000,0,0
Mixed2,000187054,1,1,458.0000,588.0000,0,0
Mixed2,000187055,1,0,458.0000,588.0000,0,0
Mixed2,000187056,1,0,2117.0000,588.0000,0,0
Mixed2,000187057,1,1,2117.0000,588.0000,0,0
Mixed2,000187061,1,1,422.0000,587.5000,0,0
Mixed2,000187062,1,1,422.0000,587.5000,0,0
Mixed2,000188001,1,1,1943.0000,588.0000,0,0
Mixed2,000188002,1,0,1943.0000,588.0000,0,0
Mixed2,000188003,1,1,846.0000,588.0000,0,0
Mixed2,000188004,1,1,846.0000,588.0000,0,0
Mixed2,000188009,1,1,846.0000,587.5000,0,0
Mixed2,000188010,1,1,508.0000,588.0000,0,0
Mixed2,000188011,1,0,508.0000,588.0000,0,0
Mixed2,000188012,1,0,846.0000,588.0000,0,0
Mixed2,000188013,1,1,846.0000,588.0000,0,0
Mixed2,000188015,1,1,508.0000,588.0000,0,0
Mixed2,000188016,1,0,508.0000,428.0000,0,0
Mixed2,000188018,1,1,508.0000,388.0000,0,0
Mixed2,000188021,1,1,472.0000,587.5000,0,0
Mixed2,000188024,1,1,608.0000,733.0000,0,0
Mixed2,000188025,1,1,1214.0000,733.0000,0,0
Mixed2,000188027,1,1,1110.0000,733.0000,0,0
Mixed2,000188029,1,1,733.0000,588.0000,0,0
Mixed2,000188030,1,0,733.0000,588.0000,0,0
Mixed2,000188031,1,1,372.0000,588.0000,0,0
Mixed2,000188050,1,1,2208.0000,308.0000,0,0
Mixed2,000188051,1,0,2208.0000,308.0000,0,0
Mixed2,000188052,1,1,659.0000,308.0000,0,0
Mixed2,000188053,1,1,659.0000,308.0000,0,0
Mixed2,000188056,1,1,659.0000,358.0000,0,0
Mixed2,000188062,1,1,659.0000,307.5000,0,0
Mixed2,000188063,1,1,659.0000,307.5000,0,0
Mixed2,000188064,1,1,659.0000,307.5000,0,0
Mixed2,000188065,1,1,659.0000,307.5000,0,0
Mixed2,000188066,1,1,659.0000,307.5000,0,0
Mixed2,000188069,1,1,1943.0000,588.0000,0,0
Mixed2,000188070,1,0,1943.0000,428.0000,0,0
Mixed2,000188074,1,1,1943.0000,388.0000,0,0
Mixed2,000188078,1,1,1827.0000,587.5000,0,0
Mixed2,000188079,1,1,855.0000,587.5000,0,0
Mixed2,000188088,1,0,1758.0000,408.0000,0,0
Mixed2,000188090,1,1,2098.0000,338.0000,0,0
Mixed2,000188091,1,0,2098.0000,338.0000,0,0
Mixed2,000188092,1,1,1492.0000,338.0000,0,0
Mixed2,000188093,1,1,1492.0000,338.0000,0,0
Mixed2,000188095,1,1,1492.0000,337.5000,0,0
Mixed2,000188096,1,1,1492.0000,337.5000,0,0
Mixed2,000188099,1,1,751.0000,337.5000,0,0
Mixed2,000188100,1,1,741.0000,337.5000,0,0
Mixed2,000188101,1,1,741.0000,337.5000,0,0
Mixed2,000188106,1,0,741.0000,306.0000,0,0
Mixed2,000188107,1,0,741.0000,306.0000,0,0
Mixed2,000188108,1,0,741.0000,306.0000,0,0
Mixed2,000188109,1,0,741.0000,306.0000,0,0
Mixed2,000188113,1,1,1492.0000,337.5000,0,0
Mixed2,000188114,1,1,612.0000,337.5000,0,0
Mixed2,000188115,1,1,741.0000,337.5000,0,0
Mixed2,000188116,1,1,741.0000,337.5000,0,0
Mixed2,000188117,1,1,1492.0000,358.0000,0,0
Mixed2,000188137,1,1,338.0000,218.0000,0,0
Mixed2,000188138,1,0,338.0000,218.0000,0,0
Mixed2,000188139,1,0,1492.0000,218.0000,0,0
Mixed2,000188140,1,1,1492.0000,218.0000,0,0
Mixed2,000188143,1,1,302.0000,217.5000,0,0
Mixed2,000189003,1,1,678.0000,858.0000,0,0
Mixed2,000189004,1,0,858.0000,308.0000,0,0
Mixed2,000189005,1,1,858.0000,308.0000,0,0
Mixed2,000189006,1,1,678.0000,822.0000,0,0
Mixed2,000189008,1,1,858.0000,308.0000,0,0
Mixed2,000189009,1,0,858.0000,308.0000,0,0
Mixed2,000189010,1,0,422.0000,308.0000,0,0
Mixed2,000189011,1,1,422.0000,308.0000,0,0
Mixed2,000189012,1,1,422.0000,822.0000,0,0
Mixed2,000189013,1,0,422.0000,285.5000,0,0
Mixed2,000189014,1,1,858.0000,308.0000,0,0
Mixed2,000189015,1,0,858.0000,308.0000,0,0
Mixed2,000189016,1,0,872.0000,308.0000,0,0
Mixed2,000189017,1,1,872.0000,308.0000,0,0
Mixed2,000189018,1,1,872.0000,822.0000,0,0
Mixed2,000189019,1,0,872.0000,285.5000,0,0
Mixed2,000192002,1,1,1152.0000,338.0000,0,0
Mixed2,000192004,1,0,2418.0000,338.0000,0,0
Mixed2,000192005,1,1,2418.0000,338.0000,0,0
Mixed2,000192006,1,1,1152.0000,338.0000,0,0
Mixed2,000192013,1,1,1152.0000,337.0000,0,0
Mixed2,000192014,1,1,782.0000,307.5000,0,0
Mixed2,000192015,1,1,1152.0000,337.0000,0,0
Mixed2,000192016,1,1,766.0000,307.5000,0,0
Mixed2,000192017,1,1,391.0000,307.5000,0,0
Mixed2,000192018,1,1,391.0000,307.5000,0,0
Mixed2,000192019,1,1,317.0000,337.0000,0,0
Mixed2,000192020,1,1,772.0000,337.0000,0,0
Mixed2,000192021,1,1,375.0000,336.0000,0,0
Mixed2,000192022,1,1,767.0000,336.5000,0,0
Mixed2,000192025,1,0,391.0000,307.5000,0,0
Mixed2,000193001,1,0,1040.0000,390.0000,0,0
Mixed2,000193002,1,0,2218.0000,390.0000,0,0
Mixed2,000193003,1,1,2368.0000,390.0000,0,0
Mixed2,000193004,1,1,1222.0000,390.0000,0,0
Mixed2,000193005,1,1,950.0000,390.0000,0,0
Mixed2,000193006,1,1,1222.0000,390.0000,0,0
Mixed2,000193007,1,0,950.0000,772.0000,0,0
Mixed2,000193008,1,1,581.0000,390.0000,0,0
Mixed2,000193011,1,1,950.0000,390.0000,0,0
Mixed2,000193015,1,1,1222.0000,390.0000,0,0
Mixed2,000193016,1,0,390.0000,781.0000,0,0
Mixed2,000193022,1,1,630.0000,605.0000,0,0
Mixed2,000193023,1,1,630.0000,605.0000,0,0
Mixed2,000193024,1,0,805.0000,965.0000,0,0
Mixed2,000193025,1,1,630.0000,655.0000,0,0
Mixed2,000193026,1,1,630.0000,805.0000,0,0
Mixed2,000193028,1,0,230.0000,965.0000,0,0
Mixed2,000193029,1,0,230.0000,965.0000,0,0
Mixed2,000193031,1,1,2332.0000,488.0000,0,0
Mixed2,000193035,1,0,390.0000,488.0000,0,0
Mixed2,000193036,1,1,390.0000,488.0000,0,0
Mixed2,000193037,1,1,2368.0000,508.0000,0,0
Mixed2,000193039,1,1,292.0000,487.0000,0,0
Mixed2,000193040,1,1,292.0000,487.0000,0,0
Mixed2,000193041,1,1,292.0000,487.0000,0,0
Mixed2,000193042,1,1,292.0000,487.0000,0,0
Mixed2,000193047,1,1,458.0000,228.0000,0,0
Mixed2,000193048,1,1,458.0000,228.0000,0,0
Mixed2,000193049,1,1,509.0000,228.0000,0,0
Mixed2,000193051,1,1,595.0000,307.0000,0,0
Mixed2,000193052,1,1,458.0000,228.0000,0,0
Mixed2,000193053,1,1,458.0000,228.0000,0,0
Mixed2,000193054,1,1,509.0000,228.0000,0,0
Mixed2,000193056,1,1,595.0000,307.0000,0,0
Mixed2,000193057,1,1,458.0000,228.0000,0,0
Mixed2,000193058,1,1,458.0000,228.0000,0,0
Mixed2,000193059,1,1,509.0000,228.0000,0,0
Mixed2,000193061,1,1,595.0000,307.0000,0,0
Mixed2,000193062,1,1,458.0000,228.0000,0,0
Mixed2,000193063,1,1,458.0000,228.0000,0,0
Mixed2,000193064,1,1,509.0000,228.0000,0,0
Mixed2,000193066,1,1,595.0000,307.0000,0,0
Mixed2,000194001,1,1,740.0000,538.0000,0,0
Mixed2,000194002,1,0,740.0000,538.0000,0,0
Mixed2,000194003,1,1,872.0000,538.0000,0,0
Mixed2,000194004,1,1,385.0000,558.0000,0,0
Mixed2,000194006,1,0,528.0000,558.0000,0,0
Mixed2,000194018,1,1,872.0000,560.0000,0,0
Mixed2,000194020,1,1,1762.0000,538.0000,0,0
Mixed2,000194023,1,0,483.0000,538.0000,0,0
Mixed2,000194024,1,1,483.0000,538.0000,0,0
Mixed2,000194027,1,1,385.0000,537.5000,0,0
Mixed2,000194028,1,1,385.0000,537.5000,0,0
Mixed2,000194029,1,1,385.0000,537.5000,0,0
Mixed2,000194030,1,1,429.0000,537.5000,0,0
Mixed2,000194031,1,1,438.0000,537.5000,0,0
Mixed2,000194032,1,1,437.0000,537.5000,0,0
Mixed2,000194033,1,1,428.0000,537.5000,0,0
Mixed2,000192027,1,0,404.9400,308.5000,0,0
Mixed2,000192030,1,0,404.9400,308.5000,0,0
Mixed2,000192033,1,0,368.9400,308.5000,0,0
Mixed2,000192036,1,0,368.9400,308.5000,0,0
Mixed2,000192028,1,0,531.2600,308.5000,0,0
Mixed2,000192029,1,0,531.2600,308.5000,0,0
Mixed2,000192034,1,0,495.2600,308.5000,0,0
Mixed2,000192035,1,0,495.2600,308.5000,0,0
Mixed2,000184004+000188039+000187005,1,1,848.0000,757.0000,0,0
Mixed2,000189002+000188034+000188037,1,1,678.0000,678.0000,0,0
Mixed2,000189007+000192026+000192031,1,0,677.5000,657.5000,0,0
Mixed2,000188077+000194076,1,1,857.0000,585.5000,0,0
Mixed2,000188019+000194057,1,1,1722.0000,588.0000,0,0
Mixed2,000188075+000194061,1,1,1722.0000,588.0000,0,0
Mixed2,000188076+000194072,1,1,1722.0000,588.0000,0,0
Mixed2,000188020+000192032,1,0,1722.0000,588.0000,0,0
Mixed2,000189001+000187019+000192037+000188123,1,0,678.0000,678.0000,0,1
Mixed2,000184005,1,1,792.0000,88.0000,0,0
Mixed2,000184006,1,0,792.0000,88.0000,0,0
Mixed2,000184013,1,1,1210.0000,170.0000,0,0
Mixed2,000184014,1,1,458.0000,128.0000,0,0
Mixed2,000184015,1,0,458.0000,128.0000,0,0
Mixed2,000184016,1,1,297.0000,128.0000,0,0
Mixed2,000184017,1,1,297.0000,128.0000,0,0
Mixed2,000184029,1,0,1718.0000,88.0000,0,0
Mixed2,000184030,1,0,740.0000,88.0000,0,0
Mixed2,000184035,1,0,170.0000,518.0000,0,0
Mixed2,000184036,1,1,170.0000,518.0000,0,0
Mixed2,000184038,1,1,458.0000,128.0000,0,0
Mixed2,000184039,1,0,458.0000,128.0000,0,0
Mixed2,000184040,1,1,279.0000,128.0000,0,0
Mixed2,000184041,1,1,279.0000,128.0000,0,0
Mixed2,000184047,1,0,788.0000,108.0000,0,0
Mixed2,000184048,1,0,848.0000,58.0000,0,0
Mixed2,000184053,1,1,1922.0000,88.0000,0,0
Mixed2,000184054,1,0,1922.0000,88.0000,0,0
Mixed2,000184055,1,0,539.0000,88.0000,0,0
Mixed2,000184056,1,0,539.0000,88.0000,0,0
Mixed2,000184060,1,1,707.0000,108.0000,0,0
Mixed2,000184072,1,1,408.0000,138.0000,0,0
Mixed2,000184073,1,1,408.0000,138.0000,0,0
Mixed2,000184074,1,1,426.0000,138.0000,0,0
Mixed2,000184076,1,0,485.0000,185.0000,0,0
Mixed2,000184077,1,1,408.0000,138.0000,0,0
Mixed2,000184078,1,1,408.0000,138.0000,0,0
Mixed2,000184079,1,1,426.0000,138.0000,0,0
Mixed2,000184081,1,0,485.0000,185.0000,0,0
Mixed2,000184095,1,1,572.0000,88.0000,0,0
Mixed2,000184096,1,0,572.0000,88.0000,0,0
Mixed2,000184106,1,0,1973.0000,108.0000,0,0
Mixed2,000184107,1,0,1973.0000,58.0000,0,0
Mixed2,000184108,1,0,508.0000,108.0000,0,0
Mixed2,000184109,1,0,508.0000,58.0000,0,0
Mixed2,000184110,1,0,1973.0000,108.0000,0,0
Mixed2,000184111,1,0,1973.0000,58.0000,0,0
Mixed2,000184112,1,0,508.0000,108.0000,0,0
Mixed2,000184113,1,0,508.0000,58.0000,0,0
Mixed2,000184114,1,0,2022.0000,108.0000,0,0
Mixed2,000184115,1,0,2058.0000,58.0000,0,0
Mixed2,000184116,1,0,1958.0000,88.0000,0,0
Mixed2,000184117,1,0,536.0000,108.0000,0,0
Mixed2,000184118,1,0,572.0000,58.0000,0,0
Mixed2,000187006,1,0,292.0000,88.0000,0,0
Mixed2,000187017,1,0,2248.0000,88.0000,0,0
Mixed2,000187018,1,0,2248.0000,88.0000,0,0
Mixed2,000187020,1,0,368.0000,58.0000,0,0
Mixed2,000187025,1,1,2117.0000,88.0000,0,0
Mixed2,000187026,1,0,2117.0000,88.0000,0,0
Mixed2,000187027,1,0,539.0000,88.0000,0,0
Mixed2,000187028,1,0,539.0000,88.0000,0,0
Mixed2,000187031,1,1,785.0000,108.0000,0,0
Mixed2,000187044,1,1,408.0000,138.0000,0,0
Mixed2,000187045,1,1,408.0000,138.0000,0,0
Mixed2,000187046,1,1,466.0000,138.0000,0,0
Mixed2,000187048,1,0,525.0000,185.0000,0,0
Mixed2,000187049,1,1,408.0000,138.0000,0,0
Mixed2,000187050,1,1,408.0000,138.0000,0,0
Mixed2,000187051,1,1,466.0000,138.0000,0,0
Mixed2,000187053,1,0,525.0000,185.0000,0,0
Mixed2,000187063,1,0,2217.0000,108.0000,0,0
Mixed2,000187064,1,0,2253.0000,58.0000,0,0
Mixed2,000187065,1,0,1993.0000,108.0000,0,0
Mixed2,000187066,1,0,1993.0000,58.0000,0,0
Mixed2,000187067,1,0,458.0000,108.0000,0,0
Mixed2,000187068,1,0,458.0000,58.0000,0,0
Mixed2,000187069,1,0,1993.0000,108.0000,0,0
Mixed2,000187070,1,0,1993.0000,58.0000,0,0
Mixed2,000187071,1,0,458.0000,108.0000,0,0
Mixed2,000187072,1,0,458.0000,58.0000,0,0
Mixed2,000188005,1,1,846.0000,88.0000,0,0
Mixed2,000188006,1,0,846.0000,88.0000,0,0
Mixed2,000188017,1,0,508.0000,168.0000,0,0
Mixed2,000188032,1,1,372.0000,88.0000,0,0
Mixed2,000188033,1,0,372.0000,88.0000,0,0
Mixed2,000188035,1,1,458.0000,183.0000,0,0
Mixed2,000188036,1,0,458.0000,183.0000,0,0
Mixed2,000188040,1,1,458.0000,183.0000,0,0
Mixed2,000188041,1,0,458.0000,183.0000,0,0
Mixed2,000188042,1,1,310.0000,183.0000,0,0
Mixed2,000188044,1,1,310.0000,183.0000,0,0
Mixed2,000188045,1,1,458.0000,183.0000,0,0
Mixed2,000188046,1,0,458.0000,183.0000,0,0
Mixed2,000188047,1,1,310.0000,183.0000,0,0
Mixed2,000188049,1,0,408.0000,88.0000,0,0
Mixed2,000188054,1,1,659.0000,88.0000,0,0
Mixed2,000188055,1,0,659.0000,88.0000,0,0
Mixed2,000188067,1,0,2208.0000,88.0000,0,0
Mixed2,000188068,1,0,695.0000,88.0000,0,0
Mixed2,000188071,1,1,1722.0000,88.0000,0,0
Mixed2,000188072,1,0,1342.0000,88.0000,0,0
Mixed2,000188073,1,0,1943.0000,168.0000,0,0
Mixed2,000188082,1,1,477.0000,108.0000,0,0
Mixed2,000188085,1,1,855.0000,108.0000,0,0
Mixed2,000188089,1,0,882.0000,88.0000,0,0
Mixed2,000188094,1,1,1492.0000,158.0000,0,0
Mixed2,000188097,1,1,161.0000,337.5000,0,0
Mixed2,000188098,1,1,161.0000,337.5000,0,0
Mixed2,000188122,1,1,278.0000,128.0000,0,0
Mixed2,000188124,1,1,425.0000,128.0000,0,0
Mixed2,000188125,1,1,425.0000,128.0000,0,0
Mixed2,000188127,1,1,278.0000,128.0000,0,0
Mixed2,000188128,1,0,278.0000,128.0000,0,0
Mixed2,000188129,1,1,434.0000,128.0000,0,0
Mixed2,000188130,1,1,434.0000,128.0000,0,0
Mixed2,000188132,1,1,278.0000,128.0000,0,0
Mixed2,000188133,1,0,278.0000,128.0000,0,0
Mixed2,000188134,1,1,427.0000,128.0000,0,0
Mixed2,000188135,1,1,427.0000,128.0000,0,0
Mixed2,000188144,1,0,2428.0000,68.0000,0,0
Mixed2,000188145,1,0,1512.0000,108.0000,0,0
Mixed2,000188146,1,0,1548.0000,58.0000,0,0
Mixed2,000188147,1,0,846.0000,108.0000,0,0
Mixed2,000188148,1,0,882.0000,58.0000,0,0
Mixed2,000188149,1,0,1772.0000,108.0000,0,0
Mixed2,000188150,1,0,1808.0000,58.0000,0,0
Mixed2,000188151,1,0,1943.0000,108.0000,0,0
Mixed2,000188152,1,0,1943.0000,58.0000,0,0
Mixed2,000188153,1,0,508.0000,108.0000,0,0
Mixed2,000188154,1,0,508.0000,58.0000,0,0
Mixed2,000192001,1,1,1152.0000,88.0000,0,0
Mixed2,000192003,1,0,269.0000,88.0000,0,0
Mixed2,000192007,1,0,1152.0000,88.0000,0,0
Mixed2,000192038,1,0,2418.0000,68.0000,0,0
Mixed2,000192043,1,0,1188.0000,88.0000,0,0
Mixed2,000193009,1,1,158.0000,390.0000,0,0
Mixed2,000193017,1,0,390.0000,190.0000,0,0
Mixed2,000193020,1,1,950.0000,88.0000,0,0
Mixed2,000193021,1,1,950.0000,88.0000,0,0
Mixed2,000193027,1,0,430.0000,155.0000,0,0
Mixed2,000193030,1,1,2332.0000,88.0000,0,0
Mixed2,000193032,1,0,419.0000,88.0000,0,0
Mixed2,000193033,1,0,419.0000,88.0000,0,0
Mixed2,000193034,1,0,419.0000,88.0000,0,0
Mixed2,000193038,1,0,2332.0000,88.0000,0,0
Mixed2,000193067,1,0,2368.0000,88.0000,0,0
Mixed2,000193068,1,0,1558.0000,58.0000,0,0
Mixed2,000193069,1,0,1522.0000,58.0000,0,0
Mixed2,000193070,1,0,390.0000,58.0000,0,0
Mixed2,000193071,1,0,390.0000,58.0000,0,0
Mixed2,000193072,1,0,372.0000,58.0000,0,0
Mixed2,000193073,1,0,372.0000,58.0000,0,0
Mixed2,000193074,1,1,1808.0000,68.0000,0,0
Mixed2,000193075,1,0,1772.0000,68.0000,0,0
Mixed2,000193076,1,0,390.0000,68.0000,0,0
Mixed2,000193077,1,1,390.0000,68.0000,0,0
Mixed2,000193078,1,1,372.0000,68.0000,0,0
Mixed2,000193079,1,1,372.0000,68.0000,0,0
Mixed2,000193080,1,0,2218.0000,58.0000,0,0
Mixed2,000193081,1,0,390.0000,58.0000,0,0
Mixed2,000193082,1,0,372.0000,58.0000,0,0
Mixed2,000193083,1,0,372.0000,58.0000,0,0
Mixed2,000193084,1,0,390.0000,58.0000,0,0
Mixed2,000193085,1,0,2182.0000,58.0000,0,0
Mixed2,000194007,1,1,513.0000,170.0000,0,0
Mixed2,000194010,1,1,158.0000,162.2000,0,0
Mixed2,000194011,1,1,158.0000,164.3300,0,0
Mixed2,000194012,1,1,170.0000,537.5000,0,0
Mixed2,000194013,1,1,458.0000,128.0000,0,0
Mixed2,000194014,1,1,458.0000,128.0000,0,0
Mixed2,000194015,1,1,287.0000,128.0000,0,0
Mixed2,000194016,1,1,287.0000,128.0000,0,0
Mixed2,000194019,1,1,1762.0000,88.0000,0,0
Mixed2,000194021,1,0,469.0000,88.0000,0,0
Mixed2,000194022,1,0,469.0000,88.0000,0,0
Mixed2,000194026,1,0,1762.0000,88.0000,0,0
Mixed2,000194042,1,1,367.0000,148.0000,0,0
Mixed2,000194044,1,1,508.0000,148.0000,0,0
Mixed2,000194045,1,1,508.0000,148.0000,0,0
Mixed2,000194046,1,1,367.0000,148.0000,0,0
Mixed2,000194047,1,1,366.0000,148.0000,0,0
Mixed2,000194049,1,1,508.0000,148.0000,0,0
Mixed2,000194050,1,1,508.0000,148.0000,0,0
Mixed2,000194051,1,1,366.0000,148.0000,0,0
Mixed2,000194052,1,1,375.0000,148.0000,0,0
Mixed2,000194054,1,1,508.0000,148.0000,0,0
Mixed2,000194055,1,1,508.0000,148.0000,0,0
Mixed2,000194056,1,1,375.0000,148.0000,0,0
Mixed2,000194059,1,1,508.0000,148.0000,0,0
Mixed2,000194060,1,1,508.0000,148.0000,0,0
Mixed2,000194062,1,1,366.0000,148.0000,0,0
Mixed2,000194064,1,1,508.0000,148.0000,0,0
Mixed2,000194065,1,1,508.0000,148.0000,0,0
Mixed2,000194066,1,1,366.0000,148.0000,0,0
Mixed2,000194067,1,1,375.0000,148.0000,0,0
Mixed2,000194069,1,1,508.0000,148.0000,0,0
Mixed2,000194070,1,1,508.0000,148.0000,0,0
Mixed2,000194071,1,1,375.0000,148.0000,0,0
Mixed2,000194074,1,1,508.0000,148.0000,0,0
Mixed2,000194075,1,1,508.0000,148.0000,0,0
Mixed2,000194077,1,1,367.0000,148.0000,0,0
Mixed2,000194079,1,1,508.0000,148.0000,0,0
Mixed2,000194080,1,1,508.0000,148.0000,0,0
Mixed2,000194081,1,1,367.0000,148.0000,0,0
Mixed2,000194082,1,0,483.0000,58.0000,0,0
Mixed2,000194083,1,0,483.0000,88.0000,0,0
Mixed2,000194084,1,0,1798.0000,88.0000,0,0
Mixed2,000194008,1,1,513.0000,158.0000,0,0
Mixed2,000194009,1,1,508.0000,158.0000,0,0
Mixed2,000184043,1,0,518.0000,160.0000,0,0
Mixed2,000184044,1,0,518.0000,160.0000,0,0
Mixed2,000184045,1,0,490.0000,160.0000,0,0
Mixed2,000184046,1,0,490.0000,160.0000,0,0
