BatchNo,UPI,Qty,Color,Length,Width,IsSpecial,Rotatable
Others2,000060009,1,0,1984.0000,490.0000,0,0
Others2,000060010,1,1,2113.0000,792.0000,0,0
Others2,000060011,1,0,2113.0000,528.0000,0,0
Others2,000060012,1,1,2113.0000,558.0000,0,0
Others2,000060021,1,1,2113.0000,558.0000,0,0
Others2,000060022,1,1,488.0000,558.0000,0,0
Others2,000060024,1,1,488.0000,558.0000,0,0
Others2,000060029,1,1,488.0000,528.0000,0,0
Others2,000060062,1,1,1991.0000,588.0000,0,0
Others2,000060063,1,0,1991.0000,588.0000,0,0
Others2,000060064,1,1,457.0000,588.0000,0,0
Others2,000060066,1,1,457.0000,588.0000,0,0
Others2,000060071,1,1,457.0000,558.0000,0,0
Others2,000060072,1,0,1338.0000,490.0000,0,0
Others2,000060073,1,0,605.0000,490.0000,0,0
Others2,000060074,1,1,1991.0000,458.0000,0,0
Others2,000060075,1,0,1991.0000,458.0000,0,0
Others2,000060076,1,0,1973.0000,601.0000,0,0
Others2,000060077,1,1,601.0000,458.0000,0,0
Others2,000060079,1,1,1991.0000,458.0000,0,0
Others2,000060080,1,1,601.0000,458.0000,0,0
Others2,000060082,1,0,1973.0000,601.0000,0,0
Others2,000060083,1,1,601.0000,440.0000,0,0
Others2,000060084,1,1,1991.0000,458.0000,0,0
Others2,000060085,1,1,601.0000,458.0000,0,0
Others2,000060086,1,1,601.0000,440.0000,0,0
Others2,000060088,1,0,1973.0000,601.0000,0,0
Others2,000060089,1,1,601.0000,440.0000,0,0
Others2,000060090,1,1,601.0000,437.5000,0,0
Others2,000060091,1,1,601.0000,437.5000,0,0
Others2,000060092,1,1,601.0000,439.5000,0,0
Others2,000060143,1,1,2113.0000,528.0000,0,0
Others2,000060144,1,0,2113.0000,528.0000,0,0
Others2,000060147,1,1,646.0000,528.0000,0,0
Others2,000060149,1,1,646.0000,528.0000,0,0
Others2,000060155,1,1,646.0000,528.0000,0,0
Others2,000060156,1,1,2113.0000,528.0000,0,0
Others2,000060157,1,1,646.0000,528.0000,0,0
Others2,000060214,1,1,347.0000,348.0000,0,0
Others2,000060216,1,0,2021.0000,348.0000,0,0
Others2,000060217,1,1,2021.0000,348.0000,0,0
Others2,000060218,1,1,347.0000,348.0000,0,0
Others2,000060220,1,1,347.0000,316.0000,0,0
Others2,000060221,1,1,347.0000,316.0000,0,0
Others2,000060222,1,1,347.0000,316.0000,0,0
Others2,000060223,1,1,347.0000,316.0000,0,0
Others2,000060294,1,1,578.0000,448.0000,0,0
Others2,000060295,1,0,2113.0000,448.0000,0,0
Others2,000060297,1,1,578.0000,448.0000,0,0
Others2,000060301,1,1,2113.0000,448.0000,0,0
Others2,000060302,1,1,578.0000,448.0000,0,0
Others2,000060303,1,1,578.0000,448.0000,0,0
Others2,000060310,1,1,2113.0000,448.0000,0,0
Others2,000060311,1,0,578.0000,418.0000,0,0
Others2,000060312,1,0,578.0000,418.0000,0,0
Others2,000060313,1,1,578.0000,418.0000,0,0
Others2,000060314,1,1,578.0000,418.0000,0,0
Others2,000060315,1,1,578.0000,418.0000,0,0
Others2,000060316,1,1,578.0000,418.0000,0,0
Others2,000060317,1,1,578.0000,418.0000,0,0
Others2,000060318,1,1,578.0000,418.0000,0,0
Others2,000060015+000060032+000060033,1,1,972.0000,792.0000,0,0
Others2,000060016+000060038+000060039,1,1,972.0000,792.0000,0,0
Others2,000060001,1,1,2041.0000,58.0000,0,0
Others2,000060002,1,1,2041.0000,172.0000,0,0
Others2,000060003,1,1,2041.0000,58.0000,0,0
Others2,000060004,1,1,1104.0000,58.0000,0,0
Others2,000060005,1,0,1733.0000,68.0000,0,0
Others2,000060006,1,1,1104.0000,58.0000,0,0
Others2,000060007,1,1,1733.0000,58.0000,0,0
Others2,000060008,1,0,1104.0000,172.0000,0,0
Others2,000060013,1,0,274.0000,58.0000,0,0
Others2,000060014,1,1,460.0000,58.0000,0,0
Others2,000060018,1,0,972.0000,58.0000,0,0
Others2,000060019,1,1,972.0000,88.0000,0,0
Others2,000060020,1,1,972.0000,88.0000,0,0
Others2,000060025,1,1,488.0000,58.0000,0,0
Others2,000060026,1,0,488.0000,58.0000,0,0
Others2,000060027,1,1,488.0000,108.0000,0,0
Others2,000060028,1,1,488.0000,108.0000,0,0
Others2,000060030,1,1,458.0000,128.0000,0,0
Others2,000060031,1,1,458.0000,128.0000,0,0
Others2,000060035,1,0,485.0000,185.0000,0,0
Others2,000060036,1,1,458.0000,128.0000,0,0
Others2,000060037,1,1,458.0000,128.0000,0,0
Others2,000060041,1,0,485.0000,185.0000,0,0
Others2,000060046,1,1,458.0000,128.0000,0,0
Others2,000060047,1,1,426.0000,128.0000,0,0
Others2,000060049,1,1,458.0000,128.0000,0,0
Others2,000060050,1,1,426.0000,128.0000,0,0
Others2,000060051,1,0,485.0000,185.0000,0,0
Others2,000060052,1,1,458.0000,128.0000,0,0
Others2,000060053,1,1,458.0000,128.0000,0,0
Others2,000060054,1,1,426.0000,128.0000,0,0
Others2,000060055,1,1,426.0000,128.0000,0,0
Others2,000060061,1,0,485.0000,185.0000,0,0
Others2,000060067,1,1,457.0000,58.0000,0,0
Others2,000060068,1,0,457.0000,58.0000,0,0
Others2,000060069,1,1,457.0000,108.0000,0,0
Others2,000060070,1,1,457.0000,108.0000,0,0
Others2,000060078,1,1,601.0000,58.0000,0,0
Others2,000060081,1,1,601.0000,58.0000,0,0
Others2,000060087,1,1,601.0000,58.0000,0,0
Others2,000060093,1,1,601.0000,158.0000,0,0
Others2,000060094,1,1,601.0000,158.0000,0,0
Others2,000060095,1,1,601.0000,158.0000,0,0
Others2,000060096,1,1,601.0000,158.0000,0,0
Others2,000060097,1,1,2041.0000,58.0000,0,0
Others2,000060098,1,0,2041.0000,68.0000,0,0
Others2,000060099,1,1,258.0000,58.0000,0,0
Others2,000060100,1,0,180.0000,88.0000,0,0
Others2,000060101,1,0,1841.0000,68.0000,0,0
Others2,000060102,1,1,1841.0000,58.0000,0,0
Others2,000060103,1,1,2041.0000,102.0000,0,0
Others2,000060104,1,1,2041.0000,68.0000,0,0
Others2,000060105,1,0,308.0000,68.0000,0,0
Others2,000060106,1,1,308.0000,58.0000,0,0
Others2,000060107,1,0,1986.0000,58.0000,0,0
Others2,000060145,1,1,646.0000,108.0000,0,0
Others2,000060148,1,1,646.0000,58.0000,0,0
Others2,000060151,1,1,646.0000,108.0000,0,0
Others2,000060152,1,1,646.0000,108.0000,0,0
Others2,000060153,1,1,646.0000,58.0000,0,0
Others2,000060154,1,0,646.0000,58.0000,0,0
Others2,000060158,1,0,646.0000,58.0000,0,0
Others2,000060159,1,1,646.0000,108.0000,0,0
Others2,000060160,1,1,2163.0000,58.0000,0,0
Others2,000060161,1,1,2163.0000,68.0000,0,0
Others2,000060162,1,0,1788.0000,68.0000,0,0
Others2,000060163,1,1,1788.0000,58.0000,0,0
Others2,000060164,1,1,558.0000,58.0000,0,0
Others2,000060165,1,0,480.0000,68.0000,0,0
Others2,000060166,1,0,788.0000,68.0000,0,0
Others2,000060167,1,1,788.0000,58.0000,0,0
Others2,000060211,1,1,347.0000,108.0000,0,0
Others2,000060213,1,1,347.0000,58.0000,0,0
Others2,000060215,1,1,347.0000,108.0000,0,0
Others2,000060219,1,0,347.0000,58.0000,0,0
Others2,000060224,1,0,2053.0000,58.0000,0,0
Others2,000060225,1,0,2053.0000,58.0000,0,0
Others2,000060226,1,0,58.0000,347.0000,0,0
Others2,000060296,1,0,578.0000,58.0000,0,0
Others2,000060298,1,1,578.0000,58.0000,0,0
Others2,000060299,1,1,578.0000,58.0000,0,0
Others2,000060300,1,0,578.0000,58.0000,0,0
Others2,000060306,1,1,578.0000,108.0000,0,0
Others2,000060307,1,1,578.0000,108.0000,0,0
Others2,000060308,1,1,578.0000,108.0000,0,0
Others2,000060309,1,1,578.0000,108.0000,0,0
Others2,000060322,1,1,2163.0000,58.0000,0,0
Others2,000060323,1,1,2113.0000,68.0000,0,0
Others2,000060324,1,1,2163.0000,198.0000,0,0
Others2,000060325,1,0,2113.0000,68.0000,0,0
Others2,000060326,1,0,1202.0000,68.0000,0,0
Others2,000060327,1,1,1202.0000,58.0000,0,0
Others2,000060044,1,0,425.0000,91.0000,0,0
Others2,000060045,1,0,425.0000,91.0000,0,0
Others2,000060059,1,0,425.0000,91.0000,0,0
Others2,000060060,1,0,425.0000,91.0000,0,0
Others2,000060042,1,0,421.0000,91.0000,0,0
Others2,000060043,1,0,421.0000,91.0000,0,0
Others2,000060057,1,0,421.0000,91.0000,0,0
Others2,000060058,1,0,421.0000,91.0000,0,0
