Container length: 24400
Container width: 12200
Boxes Volume: 2.900718E8
Container Volume: 297680000
Utilization: 97.44416823434561

Packed Boxes: 18
format: x y length width
0 0  3580 7580
18720 0  5680 7080
16690 8630  7710 3570
0 8620  7580 3580
3580 0  7580 3580
15140 0  3580 7580
3580 3580  7580 3580
7580 8620  7580 3580
11570 0  3570 7510
17990 7950  6410 680
0 7740  3730 880
19000 7270  5400 680
3730 7940  7710 680
16010 8490  680 3710
3730 7260  7710 680
15330 8990  680 3210
14210 7610  3780 880
11550 7540  2660 1080

numOfBlemishes: 0
