Container length: 24400
Container width: 12200
Boxes Volume: 2.906051635E8
Container Volume: 297680000
Utilization: 97.62334167562483

Packed Boxes: 19
format: x y length width
0 0  19730 580
6720 8520  17680 3680
0 6320  4580 5880
23320 0  1080 7880
0 580  17720 680
21640 0  1680 5080
0 1260  19730 1080
0 2340  19730 1080
19810 0  1830 4580
0 3420  19730 580
4970 7940  19430 580
0 4000  15120 1080
4580 9115  1523 3085
0 5080  17720 1080
5700 7060  17620 880
6103 8520  580 3680
17960 5080  5360 1080
5340 6180  17980 880
15230 4000  4580 1080

numOfBlemishes: 0
