Container length: 24400
Container width: 12200
Boxes Volume: 2.911302E8
Container Volume: 297680000
Utilization: 97.79971781779092

Packed Boxes: 17
format: x y length width
0 0  6590 3075
19025 8350  5375 3850
0 6480  5580 5720
18450 0  5950 3070
22920 3070  1480 3660
0 3075  7410 3375
19320 6870  5080 1480
15000 3070  7920 3675
11105 8325  7920 3875
5580 7830  5375 4370
13370 0  5080 1480
6590 0  6590 3075
13370 1480  5080 1480
14240 6845  5080 1480
5580 6550  4270 1280
7410 3075  7410 3375
9850 6550  4270 1280

numOfBlemishes: 0
