Container length: 24400
Container width: 12200
Boxes Volume: 2.898173135E8
Container Volume: 297680000
Utilization: 97.35867827868853

Packed Boxes: 23
format: x y length width
0 0  1480 5080
22920 0  1480 5080
18680 6625  5720 5575
0 6625  5720 5575
1480 0  1480 5080
18640 0  4280 5375
2960 0  5720 5575
13105 6480  5575 5720
5720 9125  6590 3075
14060 0  4580 2280
10980 2280  7660 3075
8680 0  2280 4580
0 5080  2780 1280
21080 5375  3320 1080
2780 5575  2690 880
12620 5375  8460 1080
5720 5745  2180 3380
10975 0  3085 1163
7900 7845  4580 1280
12525 6480  580 5720
11140 1163  2920 880
7900 6015  4580 1830
8680 5355  3900 580

numOfBlemishes: 0
