BatchNo,UPI,Qty,Color,Length,Width,IsSpecial,Rotatable
Others3,000754002,1,1,566.0000,208.0000,0,0
Others3,000756004,1,0,566.0000,338.0000,0,0
Others3,000758006,1,1,566.0000,596.0000,0,0
Others3,000759007,1,0,832.0000,337.0000,0,0
Others3,000763011,1,1,566.0000,338.0000,0,0
Others3,000764012,1,0,842.0000,338.0000,0,0
Others3,000765013,1,1,842.0000,338.0000,0,0
Others3,000766014,1,0,566.0000,338.0000,0,0
Others3,000767015,1,1,806.0000,566.0000,0,0
Others3,000768016,1,1,806.0000,317.5000,0,0
Others3,000771019,1,1,1734.0000,328.0000,0,0
Others3,000773021,1,1,276.0000,338.0000,0,0
Others3,000774022,1,0,871.0000,338.0000,0,0
Others3,000775023,1,1,806.0000,338.0000,0,0
Others3,000776024,1,0,276.0000,338.0000,0,0
Others3,000777025,1,1,806.0000,258.0000,0,0
Others3,000779027,1,1,276.0000,208.0000,0,0
Others3,000781029,1,0,276.0000,338.0000,0,0
Others3,000783031,1,1,596.0000,258.0000,0,0
Others3,000784032,1,0,871.0000,337.0000,0,0
Others3,000789001,1,1,612.0000,338.0000,0,0
Others3,000790002,1,0,871.0000,338.0000,0,0
Others3,000791003,1,1,832.0000,338.0000,0,0
Others3,000792004,1,0,612.0000,338.0000,0,0
Others3,000793005,1,1,796.0000,612.0000,0,0
Others3,000794006,1,1,796.0000,317.5000,0,0
Others3,000797009,1,1,612.0000,338.0000,0,0
Others3,000799011,1,1,612.0000,248.0000,0,0
Others3,000800012,1,1,612.0000,208.0000,0,0
Others3,000802014,1,0,871.0000,337.0000,0,0
Others3,000803015,1,1,612.0000,596.0000,0,0
Others3,000807019,1,1,212.0000,218.0000,0,0
Others3,000808020,1,0,1499.0000,218.0000,0,0
Others3,000809021,1,1,1421.0000,218.0000,0,0
Others3,000810022,1,0,212.0000,218.0000,0,0
Others3,000811023,1,1,1385.0000,212.0000,0,0
Others3,000813025,1,1,1735.0000,328.0000,0,0
Others3,001460050,1,0,554.0000,394.7500,0,0
Others3,001461051,1,0,554.0000,394.7500,0,0
Others3,001462052,1,0,554.0000,394.7500,0,0
Others3,001463053,1,0,554.0000,394.7500,0,0
Others3,001484020,1,0,2005.0000,457.5000,0,0
Others3,001485021,1,0,508.0000,457.5000,0,0
Others3,001486022,1,0,1503.0000,457.5000,0,0
Others3,001487023,1,0,2005.0000,457.5000,0,0
Others3,001488024,1,0,2005.0000,457.5000,0,0
Others3,001506042,1,0,458.0000,225.6700,0,0
Others3,001507043,1,0,458.0000,225.6700,0,0
Others3,001508044,1,0,458.0000,225.6700,0,0
Others3,001529065,1,0,555.0000,457.5000,0,0
Others3,001530066,1,0,555.0000,457.5000,0,0
Others3,001537073,1,0,555.0000,457.5000,0,0
Others3,001538074,1,0,555.0000,457.5000,0,0
Others3,001539075,1,0,555.0000,457.5000,0,0
Others3,001686004,1,1,643.0000,218.0000,0,0
Others3,001688006,1,0,2258.0000,218.0000,0,0
Others3,001689007,1,1,2258.0000,218.0000,0,0
Others3,001690008,1,1,643.0000,218.0000,0,0
Others3,001715033,1,1,882.0000,538.0000,0,0
Others3,001717035,1,0,2258.0000,538.0000,0,0
Others3,001718036,1,1,2318.0000,538.0000,0,0
Others3,001719037,1,1,882.0000,538.0000,0,0
Others3,001721039,1,1,1681.0000,508.0000,0,0
Others3,001722040,1,1,882.0000,508.0000,0,0
Others3,001725043,1,0,1297.5000,460.0000,0,0
Others3,001726044,1,0,1297.5000,460.0000,0,0
Others3,001727045,1,0,209.2500,460.0000,0,0
Others3,001730048,1,0,209.2500,460.0000,0,0
Others3,001751069,1,1,436.0000,503.5000,0,0
Others3,001752070,1,1,436.0000,503.5000,0,0
Others3,001753071,1,1,436.0000,503.5000,0,0
Others3,001754072,1,1,436.0000,503.5000,0,0
Others3,001755073,1,1,436.0000,503.5000,0,0
Others3,001756074,1,1,765.0000,1130.0000,0,0
Others3,001757075,1,0,783.0000,518.0000,0,0
Others3,001758076,1,1,1130.0000,518.0000,0,0
Others3,001759077,1,1,1130.0000,479.5000,0,0
Others3,001779097,1,1,312.0000,538.0000,0,0
Others3,001781099,1,0,783.0000,538.0000,0,0
Others3,001782100,1,1,783.0000,538.0000,0,0
Others3,001783101,1,1,312.0000,538.0000,0,0
Others3,001785103,1,1,312.0000,338.0000,0,0
Others3,001786104,1,1,1422.0000,312.0000,0,0
Others3,001787105,1,0,1458.0000,338.0000,0,0
Others3,001788106,1,1,1458.0000,338.0000,0,0
Others3,001789107,1,1,312.0000,338.0000,0,0
Others3,001790108,1,0,312.0000,319.5000,0,0
Others3,001791109,1,1,312.0000,319.5000,0,0
Others3,001792110,1,1,312.0000,319.5000,0,0
Others3,001793111,1,1,1458.0000,218.0000,0,0
Others3,001795113,1,1,783.0000,218.0000,0,0
Others3,001802120,1,1,846.0000,1072.0000,0,0
Others3,001805123,1,1,1072.0000,218.0000,0,0
Others3,001861006,1,1,913.0000,588.0000,0,0
Others3,001862007,1,0,2328.0000,588.0000,0,0
Others3,001864009,1,1,447.0000,588.0000,0,0
Others3,001868013,1,1,2328.0000,588.0000,0,0
Others3,001869014,1,1,447.0000,588.0000,0,0
Others3,001870015,1,1,913.0000,585.0000,0,0
Others3,001877022,1,1,2328.0000,588.0000,0,0
Others3,001878023,1,0,485.0000,471.5000,0,0
Others3,001879024,1,0,485.0000,471.5000,0,0
Others3,001880025,1,0,485.0000,471.0000,0,0
Others3,001881026,1,0,1775.0000,471.0000,0,0
Others3,001882027,1,0,1775.0000,471.5000,0,0
Others3,001883028,1,0,1775.0000,471.5000,0,0
Others3,001884029,1,0,913.0000,560.0000,0,0
Others3,001885030,1,0,447.0000,560.0000,0,0
Others3,001887032,1,1,913.0000,557.0000,0,0
Others3,001888033,1,1,913.0000,557.0000,0,0
Others3,001889034,1,1,913.0000,557.0000,0,0
Others3,002011044,1,0,1155.0000,365.5000,0,0
Others3,002012045,1,0,1155.0000,365.5000,0,0
Others3,002013046,1,0,1155.0000,365.0000,0,0
Others3,002022055,1,0,631.0000,305.0000,0,0
Others3,002032065,1,0,655.5000,225.0000,0,0
Others3,002033066,1,0,655.5000,225.0000,0,0
Others3,004384083,1,0,757.5000,320.0000,0,0
Others3,004385084,1,0,757.5000,320.0000,0,0
Others3,004407106,1,0,663.0000,483.0000,0,0
Others3,004408107,1,0,661.0000,483.0000,0,0
Others3,001803121,1,0,924.0000,218.0000,0,0
Others3,001804122,1,1,864.0000,218.0000,0,0
Others3,000760008+000782030,1,1,1392.0000,337.0000,0,0
Others3,000801013+000804016+000819031+001778096,1,1,1228.0000,415.5000,0,0
Others3,000753001,1,1,566.0000,173.0000,0,0
Others3,000755003,1,1,566.0000,173.0000,0,0
Others3,000772020,1,0,1734.0000,78.0000,0,0
Others3,000778026,1,1,276.0000,193.0000,0,0
Others3,000780028,1,1,276.0000,153.0000,0,0
Others3,000785033,1,1,888.0000,68.0000,0,0
Others3,000786034,1,0,870.0000,88.0000,0,0
Others3,000787035,1,1,888.0000,37.0000,0,0
Others3,000788036,1,0,870.0000,88.0000,0,0
Others3,000798010,1,0,612.0000,98.0000,0,0
Others3,000812024,1,0,212.0000,199.5000,0,0
Others3,000814026,1,0,1735.0000,78.0000,0,0
Others3,000815027,1,1,648.0000,48.0000,0,0
Others3,000816028,1,0,630.0000,88.0000,0,0
Others3,000817029,1,1,648.0000,48.0000,0,0
Others3,000818030,1,0,630.0000,88.0000,0,0
Others3,000820032,1,0,230.0000,88.0000,0,0
Others3,000821033,1,1,248.0000,48.0000,0,0
Others3,000822034,1,0,230.0000,88.0000,0,0
Others3,001683001,1,1,643.0000,108.0000,0,0
Others3,001685003,1,1,643.0000,78.0000,0,0
Others3,001687005,1,1,643.0000,108.0000,0,0
Others3,001691009,1,0,643.0000,78.0000,0,0
Others3,001692010,1,1,643.0000,188.0000,0,0
Others3,001693011,1,0,643.0000,188.0000,0,0
Others3,001694012,1,1,643.0000,188.0000,0,0
Others3,001695013,1,0,643.0000,188.0000,0,0
Others3,001696014,1,1,643.0000,188.0000,0,0
Others3,001712030,1,1,882.0000,108.0000,0,0
Others3,001714032,1,1,882.0000,78.0000,0,0
Others3,001716034,1,1,882.0000,108.0000,0,0
Others3,001720038,1,0,882.0000,78.0000,0,0
Others3,001731049,1,1,374.0000,148.0000,0,0
Others3,001733051,1,1,408.0000,148.0000,0,0
Others3,001734052,1,0,408.0000,148.0000,0,0
Others3,001735053,1,1,374.0000,148.0000,0,0
Others3,001736054,1,1,374.0000,148.0000,0,0
Others3,001738056,1,1,408.0000,148.0000,0,0
Others3,001739057,1,0,408.0000,148.0000,0,0
Others3,001740058,1,1,374.0000,148.0000,0,0
Others3,001741059,1,1,374.0000,148.0000,0,0
Others3,001743061,1,1,408.0000,148.0000,0,0
Others3,001744062,1,0,408.0000,148.0000,0,0
Others3,001745063,1,1,374.0000,148.0000,0,0
Others3,001746064,1,1,374.0000,148.0000,0,0
Others3,001748066,1,1,408.0000,148.0000,0,0
Others3,001749067,1,0,408.0000,148.0000,0,0
Others3,001750068,1,1,374.0000,148.0000,0,0
Others3,001760078,1,1,132.0000,479.5000,0,0
Others3,001761079,1,0,132.0000,479.5000,0,0
Others3,001762080,1,1,132.0000,479.5000,0,0
Others3,001763081,1,1,429.0000,108.0000,0,0
Others3,001765083,1,1,408.0000,108.0000,0,0
Others3,001766084,1,0,408.0000,108.0000,0,0
Others3,001767085,1,1,429.0000,108.0000,0,0
Others3,001768086,1,1,438.0000,108.0000,0,0
Others3,001770088,1,1,408.0000,108.0000,0,0
Others3,001771089,1,0,408.0000,108.0000,0,0
Others3,001772090,1,1,438.0000,108.0000,0,0
Others3,001773091,1,0,165.0000,125.0000,0,0
Others3,001776094,1,1,312.0000,108.0000,0,0
Others3,001780098,1,1,312.0000,108.0000,0,0
Others3,001784102,1,0,312.0000,78.0000,0,0
Others3,001794112,1,1,1458.0000,88.0000,0,0
Others3,001796114,1,1,783.0000,88.0000,0,0
Others3,001797115,1,0,2318.0000,88.0000,0,0
Others3,001798116,1,1,679.0000,68.0000,0,0
Others3,001799117,1,0,679.0000,78.0000,0,0
Others3,001800118,1,1,1468.0000,68.0000,0,0
Others3,001801119,1,0,1450.0000,78.0000,0,0
Others3,001806124,1,0,318.0000,199.5000,0,0
Others3,001807125,1,1,318.0000,199.5000,0,0
Others3,001808126,1,1,1072.0000,199.5000,0,0
Others3,001809127,1,1,1072.0000,199.5000,0,0
Others3,001820138,1,1,1108.0000,68.0000,0,0
Others3,001821139,1,0,1090.0000,78.0000,0,0
Others3,001863008,1,0,447.0000,78.0000,0,0
Others3,001865010,1,1,447.0000,78.0000,0,0
Others3,001866011,1,1,913.0000,78.0000,0,0
Others3,001867012,1,0,913.0000,78.0000,0,0
Others3,001873018,1,1,447.0000,88.0000,0,0
Others3,001874019,1,1,447.0000,88.0000,0,0
Others3,001875020,1,1,913.0000,88.0000,0,0
Others3,001876021,1,1,913.0000,88.0000,0,0
Others3,001886031,1,0,78.0000,516.0000,0,0
Others3,004338037,1,0,660.5000,155.5000,0,0
Others3,004339038,1,0,660.5000,155.5000,0,0
Others3,004370069,1,0,701.5000,154.0000,0,0
Others3,004371070,1,0,701.5000,154.0000,0,0
Others3,000757005,1,1,832.0000,337.0000,0,0
