BatchNo,UPI,Qty,Color,Length,Width,IsSpecial,Rotatable
Cabinet3,9810631001,1,1,792.0000,588.0000,0,0
Cabinet3,9810631002,1,1,792.0000,588.0000,0,0
Cabinet3,9810631003,1,1,571.0000,588.0000,0,0
Cabinet3,9810631004,1,1,776.0000,571.0000,0,0
Cabinet3,9810631007,1,0,570.0000,558.0000,0,0
Cabinet3,9810631008,1,1,1504.0000,588.0000,0,0
Cabinet3,9810631009,1,1,1504.0000,588.0000,0,0
Cabinet3,9810631010,1,1,571.0000,588.0000,0,0
Cabinet3,9810631011,1,1,571.0000,588.0000,0,0
Cabinet3,9810631012,1,0,570.0000,558.0000,0,0
Cabinet3,9810631013,1,0,570.0000,558.0000,0,0
Cabinet3,9810631014,1,0,570.0000,558.0000,0,0
Cabinet3,9810631015,1,0,1471.0000,571.0000,0,0
Cabinet3,9810631017,1,1,908.0000,388.0000,0,0
Cabinet3,9810631018,1,1,908.0000,388.0000,0,0
Cabinet3,9810631019,1,1,534.0000,388.0000,0,0
Cabinet3,9810631020,1,1,892.0000,534.0000,0,0
Cabinet3,9810631023,1,0,533.0000,358.0000,0,0
Cabinet3,9810631024,1,1,1388.0000,388.0000,0,0
Cabinet3,9810631025,1,1,1388.0000,388.0000,0,0
Cabinet3,9810631026,1,1,534.0000,388.0000,0,0
Cabinet3,9810631027,1,1,534.0000,388.0000,0,0
Cabinet3,9810631028,1,0,533.0000,358.0000,0,0
Cabinet3,9810631029,1,0,533.0000,358.0000,0,0
Cabinet3,9810631030,1,0,1355.0000,534.0000,0,0
Cabinet3,9810631032,1,1,1388.0000,388.0000,0,0
Cabinet3,9810631033,1,1,1388.0000,388.0000,0,0
Cabinet3,9810631034,1,1,954.0000,388.0000,0,0
Cabinet3,9810631035,1,1,954.0000,388.0000,0,0
Cabinet3,9810631036,1,0,953.0000,358.0000,0,0
Cabinet3,9810631037,1,0,953.0000,358.0000,0,0
Cabinet3,9810631038,1,0,1355.0000,954.0000,0,0
Cabinet3,9810631041,1,1,908.0000,388.0000,0,0
Cabinet3,9810631042,1,1,908.0000,388.0000,0,0
Cabinet3,9810631043,1,1,954.0000,388.0000,0,0
Cabinet3,9810631044,1,1,892.0000,954.0000,0,0
Cabinet3,9810631047,1,0,953.0000,358.0000,0,0
Cabinet3,9810631048,1,1,792.0000,588.0000,0,0
Cabinet3,9810631049,1,1,792.0000,588.0000,0,0
Cabinet3,9810631050,1,1,583.0000,558.0000,0,0
Cabinet3,9810631051,1,0,776.0000,583.0000,0,0
Cabinet3,9810631054,1,0,582.0000,558.0000,0,0
Cabinet3,9810631055,1,1,1504.0000,588.0000,0,0
Cabinet3,9810631056,1,1,1504.0000,588.0000,0,0
Cabinet3,9810631057,1,0,583.0000,552.0000,0,0
Cabinet3,9810631058,1,1,583.0000,588.0000,0,0
Cabinet3,9810631059,1,0,582.0000,558.0000,0,0
Cabinet3,9810631060,1,0,582.0000,558.0000,0,0
Cabinet3,9810631061,1,0,582.0000,558.0000,0,0
Cabinet3,9810631062,1,0,1488.0000,583.0000,0,0
Cabinet3,9810631064,1,1,788.0000,622.0000,0,0
Cabinet3,9810631065,1,1,788.0000,622.0000,0,0
Cabinet3,9810631066,1,1,1131.0000,622.0000,0,0
Cabinet3,9810631067,1,1,1131.0000,622.0000,0,0
Cabinet3,9810631068,1,0,1055.0000,483.0000,0,0
Cabinet3,9810631071,1,0,1055.0000,483.0000,0,0
Cabinet3,9810631074,1,0,1055.0000,483.0000,0,0
Cabinet3,9810631082,1,1,880.0000,588.0000,0,0
Cabinet3,9810631083,1,0,545.0000,880.0000,0,0
Cabinet3,9810631084,1,1,578.0000,588.0000,0,0
Cabinet3,9810631085,1,1,578.0000,588.0000,0,0
Cabinet3,9810631086,1,1,880.0000,588.0000,0,0
Cabinet3,9810631087,1,0,879.0000,558.0000,0,0
Cabinet3,9810631091,1,1,638.0000,588.0000,0,0
Cabinet3,9810631092,1,1,638.0000,588.0000,0,0
Cabinet3,9810631093,1,1,576.0000,558.0000,0,0
Cabinet3,9810631094,1,0,622.0000,576.0000,0,0
Cabinet3,9810631097,1,0,575.0000,558.0000,0,0
Cabinet3,9810631111,1,1,551.0000,720.0000,0,0
Cabinet3,9810631115,1,0,755.0000,551.0000,0,0
Cabinet3,9810631118,1,1,468.0000,738.0000,0,0
Cabinet3,9810631119,1,1,468.0000,738.0000,0,0
Cabinet3,9810631120,1,1,694.0000,488.0000,0,0
Cabinet3,9810631121,1,1,694.0000,488.0000,0,0
Cabinet3,9810631122,1,0,435.0000,694.0000,0,0
Cabinet3,9810631123,1,0,693.0000,458.0000,0,0
Cabinet3,9810631124,1,0,468.0000,694.0000,0,0
Cabinet3,9810631151,1,1,1056.0000,653.0000,0,0
Cabinet3,9810631155,1,0,980.0000,483.0000,0,0
Cabinet3,9810631158,1,0,980.0000,483.0000,0,0
Cabinet3,9810631161,1,0,980.0000,483.0000,0,0
Cabinet3,9810631164,1,0,755.0000,1056.0000,0,0
Cabinet3,9810631165,1,1,1056.0000,635.0000,0,0
Cabinet3,9810631166,1,0,913.0000,608.0000,0,0
Cabinet3,9810631167,1,0,608.0000,619.0000,0,0
Cabinet3,9810631176,1,1,1057.0000,635.0000,0,0
Cabinet3,9810631179,1,0,755.0000,1057.0000,0,0
Cabinet3,9810631186,1,1,879.0000,489.0000,0,0
Cabinet3,9810631187,1,1,879.0000,489.0000,0,0
Cabinet3,9810631190,1,1,940.0000,489.0000,0,0
Cabinet3,9810631194,1,1,940.0000,489.0000,0,0
Cabinet3,9810631195,1,1,485.0000,939.0000,0,0
Cabinet3,9810631242,1,1,576.0000,588.0000,0,0
Cabinet3,9810631243,1,0,545.0000,576.0000,0,0
Cabinet3,9810631244,1,1,578.0000,588.0000,0,0
Cabinet3,9810631245,1,1,578.0000,588.0000,0,0
Cabinet3,9810631246,1,1,576.0000,588.0000,0,0
Cabinet3,9810631247,1,0,575.0000,558.0000,0,0
Cabinet3,9810631268,1,1,2395.0000,647.0000,0,0
Cabinet3,9810631269,1,1,2395.0000,647.0000,0,0
Cabinet3,9810901001,1,1,742.0000,388.0000,0,0
Cabinet3,9810901002,1,1,742.0000,388.0000,0,0
Cabinet3,9810901003,1,1,1040.0000,388.0000,0,0
Cabinet3,9810901004,1,1,726.0000,1040.0000,0,0
Cabinet3,9810901011,1,1,879.0000,314.0000,0,0
Cabinet3,9810901012,1,0,847.0000,292.0000,0,0
Cabinet3,9810901017,1,1,879.0000,314.0000,0,0
Cabinet3,9810901018,1,0,847.0000,292.0000,0,0
Cabinet3,9810901023,1,1,879.0000,314.0000,0,0
Cabinet3,9810901024,1,0,847.0000,292.0000,0,0
Cabinet3,9810901027,1,1,726.0000,342.0000,0,0
Cabinet3,9810901028,1,1,726.0000,342.0000,0,0
Cabinet3,9810901029,1,1,1554.0000,388.0000,0,0
Cabinet3,9810901030,1,1,1554.0000,388.0000,0,0
Cabinet3,9810901031,1,1,1040.0000,388.0000,0,0
Cabinet3,9810901032,1,1,1040.0000,388.0000,0,0
Cabinet3,9810901033,1,0,1039.0000,358.0000,0,0
Cabinet3,9810901034,1,0,1039.0000,358.0000,0,0
Cabinet3,9810901035,1,1,1521.0000,1040.0000,0,0
Cabinet3,9810901036,1,0,1040.0000,358.0000,0,0
Cabinet3,9810901039,1,1,792.0000,588.0000,0,0
Cabinet3,9810901040,1,1,792.0000,588.0000,0,0
Cabinet3,9810901041,1,1,575.0000,558.0000,0,0
Cabinet3,9810901042,1,0,776.0000,575.0000,0,0
Cabinet3,9810901045,1,0,574.0000,558.0000,0,0
Cabinet3,9810901046,1,1,1504.0000,588.0000,0,0
Cabinet3,9810901047,1,1,1504.0000,588.0000,0,0
Cabinet3,9810901048,1,0,575.0000,552.0000,0,0
Cabinet3,9810901049,1,1,575.0000,588.0000,0,0
Cabinet3,9810901050,1,0,574.0000,558.0000,0,0
Cabinet3,9810901051,1,0,574.0000,558.0000,0,0
Cabinet3,9810901052,1,0,574.0000,558.0000,0,0
Cabinet3,9810901053,1,0,1488.0000,575.0000,0,0
Cabinet3,9810901058,1,1,2395.0000,1152.0000,0,0
Cabinet3,9810901061,1,1,788.0000,622.0000,0,0
Cabinet3,9810901062,1,1,788.0000,622.0000,0,0
Cabinet3,9810901063,1,1,997.0000,622.0000,0,0
Cabinet3,9810901064,1,1,997.0000,622.0000,0,0
Cabinet3,9810901069,1,0,921.0000,483.0000,0,0
Cabinet3,9810901072,1,0,921.0000,483.0000,0,0
Cabinet3,9810901075,1,0,921.0000,483.0000,0,0
Cabinet3,9810901078,1,1,880.0000,588.0000,0,0
Cabinet3,9810901079,1,0,545.0000,880.0000,0,0
Cabinet3,9810901080,1,1,578.0000,588.0000,0,0
Cabinet3,9810901081,1,1,578.0000,588.0000,0,0
Cabinet3,9810901082,1,1,880.0000,588.0000,0,0
Cabinet3,9810901083,1,0,879.0000,558.0000,0,0
Cabinet3,9810901086,1,1,638.0000,588.0000,0,0
Cabinet3,9810901087,1,1,638.0000,588.0000,0,0
Cabinet3,9810901088,1,1,576.0000,558.0000,0,0
Cabinet3,9810901089,1,0,622.0000,576.0000,0,0
Cabinet3,9810901092,1,0,575.0000,558.0000,0,0
Cabinet3,9810901095,1,1,1658.0000,588.0000,0,0
Cabinet3,9810901096,1,1,1658.0000,588.0000,0,0
Cabinet3,9810901097,1,0,576.0000,552.0000,0,0
Cabinet3,9810901098,1,1,576.0000,588.0000,0,0
Cabinet3,9810901099,1,1,576.0000,588.0000,0,0
Cabinet3,9810901100,1,0,576.0000,588.0000,0,0
Cabinet3,9810901101,1,0,545.0000,576.0000,0,0
Cabinet3,9810901102,1,0,575.0000,558.0000,0,0
Cabinet3,9810901104,1,1,2413.0000,738.0000,0,0
Cabinet3,9810901105,1,1,2413.0000,738.0000,0,0
Cabinet3,9810901106,1,1,725.0000,488.0000,0,0
Cabinet3,9810901107,1,0,725.0000,488.0000,0,0
Cabinet3,9810901108,1,1,435.0000,725.0000,0,0
Cabinet3,9810901109,1,0,724.0000,458.0000,0,0
Cabinet3,9810901149,1,0,755.0000,541.0000,0,0
Cabinet3,9810901155,1,1,857.0000,635.0000,0,0
Cabinet3,9810901159,1,0,755.0000,857.0000,0,0
Cabinet3,9810901162,1,0,913.0000,608.0000,0,0
Cabinet3,9810901163,1,0,608.0000,619.0000,0,0
Cabinet3,9810901171,1,1,856.0000,653.0000,0,0
Cabinet3,9810901175,1,0,780.0000,483.0000,0,0
Cabinet3,9810901178,1,0,780.0000,483.0000,0,0
Cabinet3,9810901181,1,0,780.0000,483.0000,0,0
Cabinet3,9810901184,1,0,755.0000,856.0000,0,0
Cabinet3,9810901185,1,1,856.0000,635.0000,0,0
Cabinet3,9810901232,1,1,879.0000,489.0000,0,0
Cabinet3,9810901233,1,1,879.0000,489.0000,0,0
Cabinet3,9810901236,1,1,740.0000,489.0000,0,0
Cabinet3,9810901240,1,1,740.0000,489.0000,0,0
Cabinet3,9810901241,1,1,485.0000,739.0000,0,0
Cabinet3,9811061001,1,1,792.0000,588.0000,0,0
Cabinet3,9811061002,1,1,792.0000,588.0000,0,0
Cabinet3,9811061003,1,1,645.0000,588.0000,0,0
Cabinet3,9811061004,1,1,776.0000,645.0000,0,0
Cabinet3,9811061007,1,0,644.0000,558.0000,0,0
Cabinet3,9811061008,1,1,1504.0000,588.0000,0,0
Cabinet3,9811061009,1,1,1504.0000,588.0000,0,0
Cabinet3,9811061010,1,1,645.0000,588.0000,0,0
Cabinet3,9811061011,1,1,645.0000,588.0000,0,0
Cabinet3,9811061012,1,0,644.0000,558.0000,0,0
Cabinet3,9811061013,1,0,644.0000,558.0000,0,0
Cabinet3,9811061014,1,0,644.0000,558.0000,0,0
Cabinet3,9811061015,1,0,1471.0000,645.0000,0,0
Cabinet3,9811061017,1,1,792.0000,588.0000,0,0
Cabinet3,9811061018,1,1,792.0000,588.0000,0,0
Cabinet3,9811061019,1,1,553.0000,588.0000,0,0
Cabinet3,9811061020,1,1,776.0000,553.0000,0,0
Cabinet3,9811061023,1,0,552.0000,558.0000,0,0
Cabinet3,9811061024,1,1,1504.0000,588.0000,0,0
Cabinet3,9811061025,1,1,1504.0000,588.0000,0,0
Cabinet3,9811061026,1,1,553.0000,588.0000,0,0
Cabinet3,9811061027,1,1,553.0000,588.0000,0,0
Cabinet3,9811061028,1,0,552.0000,558.0000,0,0
Cabinet3,9811061029,1,0,552.0000,558.0000,0,0
Cabinet3,9811061030,1,0,552.0000,558.0000,0,0
Cabinet3,9811061031,1,0,1471.0000,553.0000,0,0
Cabinet3,9811061033,1,1,742.0000,388.0000,0,0
Cabinet3,9811061034,1,1,742.0000,388.0000,0,0
Cabinet3,9811061035,1,1,556.0000,388.0000,0,0
Cabinet3,9811061036,1,1,726.0000,556.0000,0,0
Cabinet3,9811061040,1,1,726.0000,342.0000,0,0
Cabinet3,9811061041,1,1,726.0000,342.0000,0,0
Cabinet3,9811061045,1,1,455.0000,314.0000,0,0
Cabinet3,9811061046,1,0,423.0000,292.0000,0,0
Cabinet3,9811061051,1,1,455.0000,314.0000,0,0
Cabinet3,9811061052,1,0,423.0000,292.0000,0,0
Cabinet3,9811061057,1,1,455.0000,314.0000,0,0
Cabinet3,9811061058,1,0,423.0000,292.0000,0,0
Cabinet3,9811061060,1,1,1554.0000,388.0000,0,0
Cabinet3,9811061061,1,1,1554.0000,388.0000,0,0
Cabinet3,9811061062,1,1,556.0000,388.0000,0,0
Cabinet3,9811061063,1,1,556.0000,388.0000,0,0
Cabinet3,9811061064,1,0,555.0000,358.0000,0,0
Cabinet3,9811061065,1,0,555.0000,358.0000,0,0
Cabinet3,9811061066,1,1,1521.0000,556.0000,0,0
Cabinet3,9811061067,1,0,556.0000,358.0000,0,0
Cabinet3,9811061069,1,1,792.0000,588.0000,0,0
Cabinet3,9811061070,1,1,792.0000,588.0000,0,0
Cabinet3,9811061071,1,1,665.0000,558.0000,0,0
Cabinet3,9811061072,1,0,776.0000,665.0000,0,0
Cabinet3,9811061075,1,0,664.0000,558.0000,0,0
Cabinet3,9811061076,1,1,1504.0000,588.0000,0,0
Cabinet3,9811061077,1,1,1504.0000,588.0000,0,0
Cabinet3,9811061078,1,0,665.0000,552.0000,0,0
Cabinet3,9811061079,1,1,665.0000,588.0000,0,0
Cabinet3,9811061080,1,0,664.0000,558.0000,0,0
Cabinet3,9811061081,1,0,664.0000,558.0000,0,0
Cabinet3,9811061082,1,0,664.0000,558.0000,0,0
Cabinet3,9811061083,1,0,1488.0000,665.0000,0,0
Cabinet3,9811061085,1,1,638.0000,588.0000,0,0
Cabinet3,9811061086,1,1,638.0000,588.0000,0,0
Cabinet3,9811061087,1,1,576.0000,558.0000,0,0
Cabinet3,9811061088,1,0,622.0000,576.0000,0,0
Cabinet3,9811061091,1,0,575.0000,558.0000,0,0
Cabinet3,9811061093,1,1,1658.0000,588.0000,0,0
Cabinet3,9811061094,1,1,1658.0000,588.0000,0,0
Cabinet3,9811061095,1,0,576.0000,552.0000,0,0
Cabinet3,9811061096,1,1,576.0000,588.0000,0,0
Cabinet3,9811061097,1,1,576.0000,588.0000,0,0
Cabinet3,9811061098,1,0,576.0000,588.0000,0,0
Cabinet3,9811061099,1,0,545.0000,576.0000,0,0
Cabinet3,9811061100,1,0,575.0000,558.0000,0,0
Cabinet3,9811061102,1,1,880.0000,588.0000,0,0
Cabinet3,9811061103,1,0,545.0000,880.0000,0,0
Cabinet3,9811061104,1,1,578.0000,588.0000,0,0
Cabinet3,9811061105,1,1,578.0000,588.0000,0,0
Cabinet3,9811061106,1,1,880.0000,588.0000,0,0
Cabinet3,9811061107,1,0,879.0000,558.0000,0,0
Cabinet3,9811061161,1,1,2413.0000,738.0000,0,0
Cabinet3,9811061162,1,1,2413.0000,738.0000,0,0
Cabinet3,9811061165,1,0,2413.0000,658.0000,0,0
Cabinet3,9811061168,1,1,488.0000,658.0000,0,0
Cabinet3,9811061169,1,1,488.0000,658.0000,0,0
Cabinet3,9811061170,1,0,675.0000,488.0000,0,0
Cabinet3,9811061171,1,1,675.0000,488.0000,0,0
Cabinet3,9811061172,1,1,455.0000,675.0000,0,0
Cabinet3,9811061173,1,0,674.0000,458.0000,0,0
Cabinet3,9811061174,1,0,488.0000,675.0000,0,0
Cabinet3,9811061177,1,1,466.0000,620.0000,0,0
Cabinet3,9811061181,1,0,755.0000,466.0000,0,0
Cabinet3,9811061188,1,1,2395.0000,689.5000,0,0
Cabinet3,9811061189,1,1,2395.0000,689.5000,0,0
Cabinet3,9811061192,1,1,788.0000,622.0000,0,0
Cabinet3,9811061193,1,1,788.0000,622.0000,0,0
Cabinet3,9811061194,1,1,1216.0000,622.0000,0,0
Cabinet3,9811061195,1,1,1216.0000,622.0000,0,0
Cabinet3,9811061200,1,0,1140.0000,483.0000,0,0
Cabinet3,9811061203,1,0,1140.0000,483.0000,0,0
Cabinet3,9811061206,1,0,1140.0000,483.0000,0,0
Cabinet3,9811061239,1,1,1056.0000,653.0000,0,0
Cabinet3,9811061243,1,0,980.0000,483.0000,0,0
Cabinet3,9811061246,1,0,980.0000,483.0000,0,0
Cabinet3,9811061249,1,0,980.0000,483.0000,0,0
Cabinet3,9811061252,1,0,755.0000,1056.0000,0,0
Cabinet3,9811061253,1,1,1056.0000,635.0000,0,0
Cabinet3,9811061254,1,0,913.0000,608.0000,0,0
Cabinet3,9811061255,1,0,608.0000,619.0000,0,0
Cabinet3,9811061264,1,1,1057.0000,635.0000,0,0
Cabinet3,9811061267,1,0,755.0000,1057.0000,0,0
Cabinet3,9811061311,1,1,729.0000,489.0000,0,0
Cabinet3,9811061312,1,1,729.0000,489.0000,0,0
Cabinet3,9811061315,1,1,940.0000,489.0000,0,0
Cabinet3,9811061319,1,1,940.0000,489.0000,0,0
Cabinet3,9811061320,1,1,335.0000,939.0000,0,0
Cabinet3,9811061340,1,1,2288.0000,738.0000,0,0
Cabinet3,9811061341,1,1,2288.0000,738.0000,0,0
Cabinet3,9811061342,1,1,538.0000,738.0000,0,0
Cabinet3,9811061343,1,1,538.0000,738.0000,0,0
Cabinet3,9811061344,1,1,2255.0000,538.0000,0,0
Cabinet3,9811061345,1,0,538.0000,708.0000,0,0
Cabinet3,9815111001,1,1,1504.0000,588.0000,0,0
Cabinet3,9815111002,1,1,1504.0000,588.0000,0,0
Cabinet3,9815111003,1,0,575.0000,552.0000,0,0
Cabinet3,9815111004,1,1,575.0000,588.0000,0,0
Cabinet3,9815111005,1,0,574.0000,558.0000,0,0
Cabinet3,9815111006,1,0,574.0000,558.0000,0,0
Cabinet3,9815111007,1,0,574.0000,558.0000,0,0
Cabinet3,9815111008,1,0,1488.0000,575.0000,0,0
Cabinet3,9815111010,1,1,792.0000,588.0000,0,0
Cabinet3,9815111011,1,1,792.0000,588.0000,0,0
Cabinet3,9815111012,1,1,575.0000,558.0000,0,0
Cabinet3,9815111013,1,0,776.0000,575.0000,0,0
Cabinet3,9815111016,1,0,574.0000,558.0000,0,0
Cabinet3,9815111017,1,1,1658.0000,588.0000,0,0
Cabinet3,9815111018,1,1,1658.0000,588.0000,0,0
Cabinet3,9815111019,1,0,576.0000,552.0000,0,0
Cabinet3,9815111020,1,1,576.0000,588.0000,0,0
Cabinet3,9815111021,1,1,576.0000,588.0000,0,0
Cabinet3,9815111022,1,0,576.0000,588.0000,0,0
Cabinet3,9815111023,1,0,545.0000,576.0000,0,0
Cabinet3,9815111024,1,0,575.0000,558.0000,0,0
Cabinet3,9815111026,1,1,638.0000,588.0000,0,0
Cabinet3,9815111027,1,1,638.0000,588.0000,0,0
Cabinet3,9815111028,1,1,576.0000,558.0000,0,0
Cabinet3,9815111029,1,0,622.0000,576.0000,0,0
Cabinet3,9815111032,1,0,575.0000,558.0000,0,0
Cabinet3,9815111034,1,1,742.0000,388.0000,0,0
Cabinet3,9815111035,1,1,742.0000,388.0000,0,0
Cabinet3,9815111036,1,1,1040.0000,388.0000,0,0
Cabinet3,9815111037,1,1,726.0000,1040.0000,0,0
Cabinet3,9815111044,1,1,879.0000,314.0000,0,0
Cabinet3,9815111045,1,0,847.0000,292.0000,0,0
Cabinet3,9815111050,1,1,879.0000,314.0000,0,0
Cabinet3,9815111051,1,0,847.0000,292.0000,0,0
Cabinet3,9815111056,1,1,879.0000,314.0000,0,0
Cabinet3,9815111057,1,0,847.0000,292.0000,0,0
Cabinet3,9815111060,1,1,726.0000,342.0000,0,0
Cabinet3,9815111061,1,1,726.0000,342.0000,0,0
Cabinet3,9815111062,1,1,1554.0000,388.0000,0,0
Cabinet3,9815111063,1,1,1554.0000,388.0000,0,0
Cabinet3,9815111064,1,1,1040.0000,388.0000,0,0
Cabinet3,9815111065,1,1,1040.0000,388.0000,0,0
Cabinet3,9815111066,1,0,1039.0000,358.0000,0,0
Cabinet3,9815111067,1,0,1039.0000,358.0000,0,0
Cabinet3,9815111068,1,1,1521.0000,1040.0000,0,0
Cabinet3,9815111069,1,0,1040.0000,358.0000,0,0
Cabinet3,9815111073,1,1,2413.0000,738.0000,0,0
Cabinet3,9815111074,1,1,2413.0000,738.0000,0,0
Cabinet3,9815111075,1,1,725.0000,488.0000,0,0
Cabinet3,9815111076,1,0,725.0000,488.0000,0,0
Cabinet3,9815111077,1,1,435.0000,725.0000,0,0
Cabinet3,9815111078,1,0,724.0000,458.0000,0,0
Cabinet3,9815111081,1,1,880.0000,588.0000,0,0
Cabinet3,9815111082,1,0,545.0000,880.0000,0,0
Cabinet3,9815111083,1,1,578.0000,588.0000,0,0
Cabinet3,9815111084,1,1,578.0000,588.0000,0,0
Cabinet3,9815111085,1,1,880.0000,588.0000,0,0
Cabinet3,9815111086,1,0,879.0000,558.0000,0,0
Cabinet3,9815111092,1,1,2395.0000,1152.0000,0,0
Cabinet3,9815111095,1,1,788.0000,622.0000,0,0
Cabinet3,9815111096,1,1,788.0000,622.0000,0,0
Cabinet3,9815111097,1,1,997.0000,622.0000,0,0
Cabinet3,9815111098,1,1,997.0000,622.0000,0,0
Cabinet3,9815111103,1,0,921.0000,483.0000,0,0
Cabinet3,9815111106,1,0,921.0000,483.0000,0,0
Cabinet3,9815111109,1,0,921.0000,483.0000,0,0
Cabinet3,9815111178,1,0,755.0000,541.0000,0,0
Cabinet3,9815111198,1,1,857.0000,635.0000,0,0
Cabinet3,9815111201,1,0,755.0000,857.0000,0,0
Cabinet3,9815111204,1,0,913.0000,608.0000,0,0
Cabinet3,9815111205,1,0,608.0000,619.0000,0,0
Cabinet3,9815111213,1,1,856.0000,653.0000,0,0
Cabinet3,9815111217,1,0,780.0000,483.0000,0,0
Cabinet3,9815111220,1,0,780.0000,483.0000,0,0
Cabinet3,9815111223,1,0,780.0000,483.0000,0,0
Cabinet3,9815111226,1,0,755.0000,856.0000,0,0
Cabinet3,9815111227,1,1,856.0000,635.0000,0,0
Cabinet3,9815111274,1,1,879.0000,489.0000,0,0
Cabinet3,9815111275,1,1,879.0000,489.0000,0,0
Cabinet3,9815111278,1,1,740.0000,489.0000,0,0
Cabinet3,9815111282,1,1,740.0000,489.0000,0,0
Cabinet3,9815111283,1,1,485.0000,739.0000,0,0
Cabinet3,9815191001,1,1,1504.0000,588.0000,0,0
Cabinet3,9815191002,1,1,1504.0000,588.0000,0,0
Cabinet3,9815191003,1,1,583.0000,588.0000,0,0
Cabinet3,9815191004,1,1,583.0000,588.0000,0,0
Cabinet3,9815191005,1,0,582.0000,558.0000,0,0
Cabinet3,9815191006,1,0,582.0000,558.0000,0,0
Cabinet3,9815191007,1,0,582.0000,558.0000,0,0
Cabinet3,9815191008,1,0,1471.0000,583.0000,0,0
Cabinet3,9815191010,1,1,792.0000,588.0000,0,0
Cabinet3,9815191011,1,1,792.0000,588.0000,0,0
Cabinet3,9815191012,1,1,583.0000,588.0000,0,0
Cabinet3,9815191013,1,1,776.0000,583.0000,0,0
Cabinet3,9815191016,1,0,582.0000,558.0000,0,0
Cabinet3,9815191017,1,1,1388.0000,388.0000,0,0
Cabinet3,9815191018,1,1,1388.0000,388.0000,0,0
Cabinet3,9815191019,1,1,421.0000,388.0000,0,0
Cabinet3,9815191020,1,1,421.0000,388.0000,0,0
Cabinet3,9815191021,1,0,420.0000,358.0000,0,0
Cabinet3,9815191022,1,0,420.0000,358.0000,0,0
Cabinet3,9815191023,1,0,1355.0000,421.0000,0,0
Cabinet3,9815191025,1,1,908.0000,388.0000,0,0
Cabinet3,9815191026,1,1,908.0000,388.0000,0,0
Cabinet3,9815191027,1,1,421.0000,388.0000,0,0
Cabinet3,9815191028,1,1,892.0000,421.0000,0,0
Cabinet3,9815191031,1,0,420.0000,358.0000,0,0
Cabinet3,9815191032,1,1,1388.0000,388.0000,0,0
Cabinet3,9815191033,1,1,1388.0000,388.0000,0,0
Cabinet3,9815191034,1,1,841.0000,388.0000,0,0
Cabinet3,9815191035,1,1,841.0000,388.0000,0,0
Cabinet3,9815191036,1,0,840.0000,358.0000,0,0
Cabinet3,9815191037,1,0,840.0000,358.0000,0,0
Cabinet3,9815191038,1,0,1355.0000,841.0000,0,0
Cabinet3,9815191041,1,1,908.0000,388.0000,0,0
Cabinet3,9815191042,1,1,908.0000,388.0000,0,0
Cabinet3,9815191043,1,1,841.0000,388.0000,0,0
Cabinet3,9815191044,1,1,892.0000,841.0000,0,0
Cabinet3,9815191047,1,0,840.0000,358.0000,0,0
Cabinet3,9815191048,1,1,1504.0000,588.0000,0,0
Cabinet3,9815191049,1,1,1504.0000,588.0000,0,0
Cabinet3,9815191050,1,0,571.0000,552.0000,0,0
Cabinet3,9815191051,1,1,571.0000,588.0000,0,0
Cabinet3,9815191052,1,0,570.0000,558.0000,0,0
Cabinet3,9815191053,1,0,570.0000,558.0000,0,0
Cabinet3,9815191054,1,0,570.0000,558.0000,0,0
Cabinet3,9815191055,1,0,1488.0000,571.0000,0,0
Cabinet3,9815191057,1,1,792.0000,588.0000,0,0
Cabinet3,9815191058,1,1,792.0000,588.0000,0,0
Cabinet3,9815191059,1,1,571.0000,558.0000,0,0
Cabinet3,9815191060,1,0,776.0000,571.0000,0,0
Cabinet3,9815191063,1,0,570.0000,558.0000,0,0
Cabinet3,9815191068,1,1,2395.0000,642.0000,0,0
Cabinet3,9815191069,1,1,2395.0000,642.0000,0,0
Cabinet3,9815191073,1,1,880.0000,588.0000,0,0
Cabinet3,9815191074,1,0,545.0000,880.0000,0,0
Cabinet3,9815191075,1,1,578.0000,588.0000,0,0
Cabinet3,9815191076,1,1,578.0000,588.0000,0,0
Cabinet3,9815191077,1,1,880.0000,588.0000,0,0
Cabinet3,9815191078,1,0,879.0000,558.0000,0,0
Cabinet3,9815191161,1,1,1058.0000,635.0000,0,0
Cabinet3,9815191165,1,0,755.0000,1058.0000,0,0
Cabinet3,9815191168,1,0,913.0000,608.0000,0,0
Cabinet3,9815191169,1,0,608.0000,619.0000,0,0
Cabinet3,9815191177,1,1,1056.0000,653.0000,0,0
Cabinet3,9815191181,1,0,980.0000,483.0000,0,0
Cabinet3,9815191184,1,0,980.0000,483.0000,0,0
Cabinet3,9815191187,1,0,980.0000,483.0000,0,0
Cabinet3,9815191190,1,0,755.0000,1056.0000,0,0
Cabinet3,9815191191,1,1,1056.0000,635.0000,0,0
Cabinet3,9815191212,1,1,551.0000,720.0000,0,0
Cabinet3,9815191215,1,0,755.0000,551.0000,0,0
Cabinet3,9815191219,1,1,468.0000,738.0000,0,0
Cabinet3,9815191220,1,1,468.0000,738.0000,0,0
Cabinet3,9815191221,1,1,693.0000,488.0000,0,0
Cabinet3,9815191222,1,1,693.0000,488.0000,0,0
Cabinet3,9815191223,1,0,435.0000,693.0000,0,0
Cabinet3,9815191224,1,0,692.0000,458.0000,0,0
Cabinet3,9815191225,1,0,468.0000,693.0000,0,0
Cabinet3,9815191257,1,1,879.0000,489.0000,0,0
Cabinet3,9815191258,1,1,879.0000,489.0000,0,0
Cabinet3,9815191261,1,1,940.0000,489.0000,0,0
Cabinet3,9815191265,1,1,940.0000,489.0000,0,0
Cabinet3,9815191266,1,1,485.0000,939.0000,0,0
Cabinet3,9815191298,1,1,638.0000,588.0000,0,0
Cabinet3,9815191299,1,1,638.0000,588.0000,0,0
Cabinet3,9815191300,1,1,576.0000,558.0000,0,0
Cabinet3,9815191301,1,0,622.0000,576.0000,0,0
Cabinet3,9815191304,1,0,575.0000,558.0000,0,0
Cabinet3,9815191306,1,1,1658.0000,588.0000,0,0
Cabinet3,9815191307,1,1,1658.0000,588.0000,0,0
Cabinet3,9815191308,1,0,576.0000,552.0000,0,0
Cabinet3,9815191309,1,1,576.0000,588.0000,0,0
Cabinet3,9815191310,1,1,576.0000,588.0000,0,0
Cabinet3,9815191311,1,0,576.0000,588.0000,0,0
Cabinet3,9815191312,1,0,545.0000,576.0000,0,0
Cabinet3,9815191313,1,0,575.0000,558.0000,0,0
Cabinet3,9815191315,1,1,788.0000,622.0000,0,0
Cabinet3,9815191316,1,1,788.0000,622.0000,0,0
Cabinet3,9815191317,1,1,1121.0000,622.0000,0,0
Cabinet3,9815191318,1,1,1121.0000,622.0000,0,0
Cabinet3,9815191323,1,0,1045.0000,483.0000,0,0
Cabinet3,9815191326,1,0,1045.0000,483.0000,0,0
Cabinet3,9815191329,1,0,1045.0000,483.0000,0,0
Cabinet3,9815231001,1,1,792.0000,588.0000,0,0
Cabinet3,9815231002,1,1,792.0000,588.0000,0,0
Cabinet3,9815231003,1,1,665.0000,588.0000,0,0
Cabinet3,9815231004,1,1,776.0000,665.0000,0,0
Cabinet3,9815231007,1,0,664.0000,558.0000,0,0
Cabinet3,9815231008,1,1,1504.0000,588.0000,0,0
Cabinet3,9815231009,1,1,1504.0000,588.0000,0,0
Cabinet3,9815231010,1,1,665.0000,588.0000,0,0
Cabinet3,9815231011,1,1,665.0000,588.0000,0,0
Cabinet3,9815231012,1,0,664.0000,558.0000,0,0
Cabinet3,9815231013,1,0,664.0000,558.0000,0,0
Cabinet3,9815231014,1,0,664.0000,558.0000,0,0
Cabinet3,9815231015,1,0,1471.0000,665.0000,0,0
Cabinet3,9815231017,1,1,1504.0000,588.0000,0,0
Cabinet3,9815231018,1,1,1504.0000,588.0000,0,0
Cabinet3,9815231019,1,0,665.0000,552.0000,0,0
Cabinet3,9815231020,1,1,665.0000,588.0000,0,0
Cabinet3,9815231021,1,0,664.0000,558.0000,0,0
Cabinet3,9815231022,1,0,664.0000,558.0000,0,0
Cabinet3,9815231023,1,0,664.0000,558.0000,0,0
Cabinet3,9815231024,1,0,1488.0000,665.0000,0,0
Cabinet3,9815231026,1,1,792.0000,588.0000,0,0
Cabinet3,9815231027,1,1,792.0000,588.0000,0,0
Cabinet3,9815231028,1,1,665.0000,558.0000,0,0
Cabinet3,9815231029,1,0,776.0000,665.0000,0,0
Cabinet3,9815231032,1,0,664.0000,558.0000,0,0
Cabinet3,9815231033,1,1,792.0000,588.0000,0,0
Cabinet3,9815231034,1,1,792.0000,588.0000,0,0
Cabinet3,9815231035,1,1,572.0000,588.0000,0,0
Cabinet3,9815231036,1,1,776.0000,572.0000,0,0
Cabinet3,9815231039,1,0,571.0000,558.0000,0,0
Cabinet3,9815231040,1,1,1504.0000,588.0000,0,0
Cabinet3,9815231041,1,1,1504.0000,588.0000,0,0
Cabinet3,9815231042,1,1,572.0000,588.0000,0,0
Cabinet3,9815231043,1,1,572.0000,588.0000,0,0
Cabinet3,9815231044,1,0,571.0000,558.0000,0,0
Cabinet3,9815231045,1,0,571.0000,558.0000,0,0
Cabinet3,9815231046,1,0,571.0000,558.0000,0,0
Cabinet3,9815231047,1,0,1471.0000,572.0000,0,0
Cabinet3,9815231049,1,1,1554.0000,388.0000,0,0
Cabinet3,9815231050,1,1,1554.0000,388.0000,0,0
Cabinet3,9815231051,1,1,556.0000,388.0000,0,0
Cabinet3,9815231052,1,1,556.0000,388.0000,0,0
Cabinet3,9815231053,1,0,555.0000,358.0000,0,0
Cabinet3,9815231054,1,0,555.0000,358.0000,0,0
Cabinet3,9815231055,1,1,1521.0000,556.0000,0,0
Cabinet3,9815231056,1,0,556.0000,358.0000,0,0
Cabinet3,9815231058,1,1,742.0000,388.0000,0,0
Cabinet3,9815231059,1,1,742.0000,388.0000,0,0
Cabinet3,9815231060,1,1,556.0000,388.0000,0,0
Cabinet3,9815231061,1,1,726.0000,556.0000,0,0
Cabinet3,9815231065,1,1,726.0000,342.0000,0,0
Cabinet3,9815231066,1,1,726.0000,342.0000,0,0
Cabinet3,9815231070,1,1,455.0000,314.0000,0,0
Cabinet3,9815231071,1,0,423.0000,292.0000,0,0
Cabinet3,9815231076,1,1,455.0000,314.0000,0,0
Cabinet3,9815231077,1,0,423.0000,292.0000,0,0
Cabinet3,9815231082,1,1,455.0000,314.0000,0,0
Cabinet3,9815231083,1,0,423.0000,292.0000,0,0
Cabinet3,9815231086,1,1,880.0000,588.0000,0,0
Cabinet3,9815231087,1,0,545.0000,880.0000,0,0
Cabinet3,9815231088,1,1,578.0000,588.0000,0,0
Cabinet3,9815231089,1,1,578.0000,588.0000,0,0
Cabinet3,9815231090,1,1,880.0000,588.0000,0,0
Cabinet3,9815231091,1,0,879.0000,558.0000,0,0
Cabinet3,9815231144,1,1,488.0000,658.0000,0,0
Cabinet3,9815231145,1,1,488.0000,658.0000,0,0
Cabinet3,9815231146,1,0,675.0000,488.0000,0,0
Cabinet3,9815231147,1,1,675.0000,488.0000,0,0
Cabinet3,9815231148,1,1,455.0000,675.0000,0,0
Cabinet3,9815231149,1,0,674.0000,458.0000,0,0
Cabinet3,9815231150,1,0,488.0000,675.0000,0,0
Cabinet3,9815231153,1,1,466.0000,620.0000,0,0
Cabinet3,9815231157,1,0,755.0000,466.0000,0,0
Cabinet3,9815231162,1,1,2288.0000,738.0000,0,0
Cabinet3,9815231163,1,1,2288.0000,738.0000,0,0
Cabinet3,9815231164,1,1,538.0000,738.0000,0,0
Cabinet3,9815231165,1,1,538.0000,738.0000,0,0
Cabinet3,9815231166,1,1,2255.0000,538.0000,0,0
Cabinet3,9815231167,1,0,538.0000,708.0000,0,0
Cabinet3,9815231194,1,1,1057.0000,570.0000,0,0
Cabinet3,9815231198,1,0,755.0000,1057.0000,0,0
Cabinet3,9815231201,1,0,913.0000,608.0000,0,0
Cabinet3,9815231202,1,0,608.0000,554.0000,0,0
Cabinet3,9815231210,1,1,1056.0000,558.0000,0,0
Cabinet3,9815231214,1,0,980.0000,483.0000,0,0
Cabinet3,9815231217,1,0,980.0000,483.0000,0,0
Cabinet3,9815231220,1,0,980.0000,483.0000,0,0
Cabinet3,9815231223,1,0,755.0000,1056.0000,0,0
Cabinet3,9815231224,1,1,1056.0000,570.0000,0,0
Cabinet3,9815231227,1,1,1056.0000,388.0000,0,0
Cabinet3,9815231228,1,1,1056.0000,370.0000,0,0
Cabinet3,9815231232,1,0,845.0000,1056.0000,0,0
Cabinet3,9815231233,1,0,980.0000,333.0000,0,0
Cabinet3,9815231236,1,0,980.0000,333.0000,0,0
Cabinet3,9815231239,1,0,980.0000,333.0000,0,0
Cabinet3,9815231276,1,1,2413.0000,738.0000,0,0
Cabinet3,9815231277,1,1,2413.0000,738.0000,0,0
Cabinet3,9815231280,1,0,2413.0000,658.0000,0,0
Cabinet3,9815231290,1,1,2395.0000,689.5000,0,0
Cabinet3,9815231291,1,1,2395.0000,689.5000,0,0
Cabinet3,9815231294,1,1,788.0000,622.0000,0,0
Cabinet3,9815231295,1,1,788.0000,622.0000,0,0
Cabinet3,9815231296,1,1,1215.0000,622.0000,0,0
Cabinet3,9815231297,1,1,1215.0000,622.0000,0,0
Cabinet3,9815231302,1,0,1139.0000,483.0000,0,0
Cabinet3,9815231305,1,0,1139.0000,483.0000,0,0
Cabinet3,9815231308,1,0,1139.0000,483.0000,0,0
Cabinet3,9815231324,1,1,729.0000,489.0000,0,0
Cabinet3,9815231325,1,1,729.0000,489.0000,0,0
Cabinet3,9815231328,1,1,1040.0000,489.0000,0,0
Cabinet3,9815231332,1,1,1040.0000,489.0000,0,0
Cabinet3,9815231333,1,1,335.0000,1039.0000,0,0
Cabinet3,9815231387,1,1,1658.0000,588.0000,0,0
Cabinet3,9815231388,1,1,1658.0000,588.0000,0,0
Cabinet3,9815231389,1,0,576.0000,552.0000,0,0
Cabinet3,9815231390,1,1,576.0000,588.0000,0,0
Cabinet3,9815231391,1,1,576.0000,588.0000,0,0
Cabinet3,9815231392,1,0,576.0000,588.0000,0,0
Cabinet3,9815231393,1,0,545.0000,576.0000,0,0
Cabinet3,9815231394,1,0,575.0000,558.0000,0,0
Cabinet3,9815231396,1,1,638.0000,588.0000,0,0
Cabinet3,9815231397,1,1,638.0000,588.0000,0,0
Cabinet3,9815231398,1,1,576.0000,558.0000,0,0
Cabinet3,9815231399,1,0,622.0000,576.0000,0,0
Cabinet3,9815231402,1,0,575.0000,558.0000,0,0
Cabinet3,9810631109,1,1,788.0000,738.0000,0,0
Cabinet3,9810631110,1,1,788.0000,738.0000,0,0
Cabinet3,9815191209,1,1,788.0000,738.0000,0,0
Cabinet3,9815191210,1,1,788.0000,738.0000,0,0
Cabinet3,9810631173,1,1,788.0000,653.0000,0,0
Cabinet3,9810631174,1,1,788.0000,653.0000,0,0
Cabinet3,9810901153,1,1,788.0000,653.0000,0,0
Cabinet3,9810901154,1,1,788.0000,653.0000,0,0
Cabinet3,9811061261,1,1,788.0000,653.0000,0,0
Cabinet3,9811061262,1,1,788.0000,653.0000,0,0
Cabinet3,9815111195,1,1,788.0000,653.0000,0,0
Cabinet3,9815111196,1,1,788.0000,653.0000,0,0
Cabinet3,9815191159,1,1,788.0000,653.0000,0,0
Cabinet3,9815191160,1,1,788.0000,653.0000,0,0
Cabinet3,9815231192,1,1,788.0000,588.0000,0,0
Cabinet3,9815231193,1,1,788.0000,588.0000,0,0
Cabinet3,9811061175,1,1,788.0000,638.0000,0,0
Cabinet3,9811061176,1,1,788.0000,638.0000,0,0
Cabinet3,9815231151,1,1,788.0000,638.0000,0,0
Cabinet3,9815231152,1,1,788.0000,638.0000,0,0
Cabinet3,9810901143,1,1,788.0000,563.0000,0,0
Cabinet3,9810901144,1,1,788.0000,563.0000,0,0
Cabinet3,9815111173,1,1,788.0000,563.0000,0,0
Cabinet3,9815111174,1,1,788.0000,563.0000,0,0
Cabinet3,9810631149,1,1,788.0000,653.0000,0,0
Cabinet3,9810631150,1,1,788.0000,653.0000,0,0
Cabinet3,9810901169,1,1,788.0000,653.0000,0,0
Cabinet3,9810901170,1,1,788.0000,653.0000,0,0
Cabinet3,9811061237,1,1,788.0000,653.0000,0,0
Cabinet3,9811061238,1,1,788.0000,653.0000,0,0
Cabinet3,9815111211,1,1,788.0000,653.0000,0,0
Cabinet3,9815111212,1,1,788.0000,653.0000,0,0
Cabinet3,9815191175,1,1,788.0000,653.0000,0,0
Cabinet3,9815191176,1,1,788.0000,653.0000,0,0
Cabinet3,9815231208,1,1,788.0000,588.0000,0,0
Cabinet3,9815231209,1,1,788.0000,588.0000,0,0
Cabinet3,9815231225,1,1,878.0000,388.0000,0,0
Cabinet3,9815231226,1,1,878.0000,388.0000,0,0
Cabinet3,9815191164,1,1,1058.0000,653.0000,0,0
Cabinet3,9810631175,1,1,1057.0000,653.0000,0,0
Cabinet3,9811061263,1,1,1057.0000,653.0000,0,0
Cabinet3,9815231197,1,1,1057.0000,588.0000,0,0
Cabinet3,9810901158,1,1,857.0000,653.0000,0,0
Cabinet3,9815111197,1,1,857.0000,653.0000,0,0
Cabinet3,9810631114,1,1,551.0000,738.0000,0,0
Cabinet3,9815191211,1,1,551.0000,738.0000,0,0
Cabinet3,9815231329,1,1,352.0000,1039.0000,0,0
Cabinet3,9810631191,1,1,352.0000,939.0000,0,0
Cabinet3,9811061316,1,1,352.0000,939.0000,0,0
Cabinet3,9815191262,1,1,352.0000,939.0000,0,0
Cabinet3,9810901147,1,1,541.0000,563.0000,0,0
Cabinet3,9815111179,1,1,541.0000,563.0000,0,0
Cabinet3,9811061180,1,1,466.0000,638.0000,0,0
Cabinet3,9815231156,1,1,466.0000,638.0000,0,0
Cabinet3,9810901237,1,1,352.0000,739.0000,0,0
Cabinet3,9815111279,1,1,352.0000,739.0000,0,0
Cabinet3,9810901146+9810901010+9810901016,1,0,540.0000,533.0000,0,0
Cabinet3,9810901148+9810901009+9810901015+9810901021+9811061043+9811061049,1,1,541.0000,545.0000,0,0
Cabinet3,9815111176+9810901022+9811061044,1,0,540.0000,533.0000,0,0
Cabinet3,9815111177+9811061055+9815111042+9815111048+9815111054+9815231068,1,1,541.0000,545.0000,0,0
Cabinet3,9811061178+9811061050+9811061056,1,0,465.0000,608.0000,0,0
Cabinet3,9815231154+9815111043+9815111049,1,0,465.0000,608.0000,0,0
Cabinet3,9810631112+9815191213+9815111055+9815231069+9815231075+9815231081,1,0,729.0000,1017.2100,0,0
Cabinet3,9810901156+9810631192+9810631193,1,0,856.0000,623.0000,0,0
Cabinet3,9815111199+9810901238+9810901239,1,0,856.0000,623.0000,0,0
Cabinet3,9815231195+9815111280+9815111281,1,0,1056.0000,558.0000,0,0
Cabinet3,9810631177+9815191263+9815191264,1,0,1056.0000,623.0000,0,0
Cabinet3,9811061265+9811061317+9811061318,1,0,1056.0000,623.0000,0,0
Cabinet3,9815191162+9815231330+9815231331,1,0,1057.0000,623.0000,0,0
Cabinet3,9810631005,1,0,571.0000,88.0000,0,0
Cabinet3,9810631006,1,0,571.0000,68.0000,0,0
Cabinet3,9810631021,1,0,534.0000,88.0000,0,0
Cabinet3,9810631022,1,0,534.0000,68.0000,0,0
Cabinet3,9810631045,1,0,954.0000,88.0000,0,0
Cabinet3,9810631046,1,0,954.0000,68.0000,0,0
Cabinet3,9810631052,1,0,583.0000,88.0000,0,0
Cabinet3,9810631053,1,0,583.0000,68.0000,0,0
Cabinet3,9810631069,1,0,1044.0000,166.0000,0,0
Cabinet3,9810631072,1,0,1044.0000,166.0000,0,0
Cabinet3,9810631075,1,0,1044.0000,166.0000,0,0
Cabinet3,9810631079,1,0,1131.0000,88.0000,0,0
Cabinet3,9810631080,1,0,1131.0000,88.0000,0,0
Cabinet3,9810631095,1,0,576.0000,88.0000,0,0
Cabinet3,9810631096,1,0,576.0000,68.0000,0,0
Cabinet3,9810631113,1,0,551.0000,52.0000,0,0
Cabinet3,9810631152,1,0,1056.0000,47.0000,0,0
Cabinet3,9810631153,1,0,1056.0000,69.0000,0,0
Cabinet3,9810631154,1,0,1056.0000,69.0000,0,0
Cabinet3,9810631156,1,0,969.0000,92.0000,0,0
Cabinet3,9810631159,1,0,969.0000,207.0000,0,0
Cabinet3,9810631162,1,0,969.0000,92.0000,0,0
Cabinet3,9810631168,1,0,47.0000,587.0000,0,0
Cabinet3,9810631169,1,0,47.0000,587.0000,0,0
Cabinet3,9810631170,1,0,608.0000,47.0000,0,0
Cabinet3,9810631171,1,0,608.0000,47.0000,0,0
Cabinet3,9810631178,1,0,1057.0000,47.0000,0,0
Cabinet3,9810631188,1,0,940.0000,124.0000,0,0
Cabinet3,9810631189,1,0,939.0000,68.0000,0,0
Cabinet3,9810631196,1,0,939.0000,94.0000,0,0
Cabinet3,9810631197,1,0,940.0000,128.0000,0,0
Cabinet3,9810631198,1,0,940.0000,158.0000,0,0
Cabinet3,9810631199,1,0,939.0000,48.0000,0,0
Cabinet3,9810631302,1,0,2288.0000,88.0000,0,0
Cabinet3,9810631303,1,0,1296.0000,40.0000,0,0
Cabinet3,9810901005,1,0,888.0000,88.0000,0,0
Cabinet3,9810901006,1,0,888.0000,68.0000,0,0
Cabinet3,9810901007,1,0,726.0000,68.0000,0,0
Cabinet3,9810901008,1,1,847.0000,98.0000,0,0
Cabinet3,9810901013,1,0,88.0000,918.0000,0,0
Cabinet3,9810901014,1,1,847.0000,98.0000,0,0
Cabinet3,9810901019,1,0,88.0000,918.0000,0,0
Cabinet3,9810901020,1,1,847.0000,98.0000,0,0
Cabinet3,9810901025,1,0,88.0000,918.0000,0,0
Cabinet3,9810901026,1,0,726.0000,68.0000,0,0
Cabinet3,9810901043,1,0,575.0000,88.0000,0,0
Cabinet3,9810901044,1,0,575.0000,68.0000,0,0
Cabinet3,9810901067,1,0,997.0000,88.0000,0,0
Cabinet3,9810901068,1,0,997.0000,88.0000,0,0
Cabinet3,9810901070,1,0,910.0000,166.0000,0,0
Cabinet3,9810901073,1,0,910.0000,166.0000,0,0
Cabinet3,9810901076,1,0,910.0000,166.0000,0,0
Cabinet3,9810901090,1,0,576.0000,88.0000,0,0
Cabinet3,9810901091,1,0,576.0000,68.0000,0,0
Cabinet3,9810901145,1,0,541.0000,52.0000,0,0
Cabinet3,9810901157,1,0,857.0000,47.0000,0,0
Cabinet3,9810901164,1,0,47.0000,587.0000,0,0
Cabinet3,9810901165,1,0,47.0000,587.0000,0,0
Cabinet3,9810901166,1,0,608.0000,47.0000,0,0
Cabinet3,9810901167,1,0,608.0000,47.0000,0,0
Cabinet3,9810901172,1,0,856.0000,47.0000,0,0
Cabinet3,9810901173,1,0,856.0000,69.0000,0,0
Cabinet3,9810901174,1,0,856.0000,69.0000,0,0
Cabinet3,9810901176,1,0,769.0000,92.0000,0,0
Cabinet3,9810901179,1,0,769.0000,207.0000,0,0
Cabinet3,9810901182,1,0,769.0000,92.0000,0,0
Cabinet3,9810901234,1,0,740.0000,124.0000,0,0
Cabinet3,9810901235,1,0,739.0000,68.0000,0,0
Cabinet3,9810901242,1,0,739.0000,94.0000,0,0
Cabinet3,9810901243,1,0,740.0000,128.0000,0,0
Cabinet3,9810901244,1,0,740.0000,158.0000,0,0
Cabinet3,9810901245,1,0,739.0000,48.0000,0,0
Cabinet3,9810901260,1,0,913.0000,88.0000,0,0
Cabinet3,9811061005,1,0,645.0000,88.0000,0,0
Cabinet3,9811061006,1,0,645.0000,68.0000,0,0
Cabinet3,9811061021,1,0,553.0000,88.0000,0,0
Cabinet3,9811061022,1,0,553.0000,68.0000,0,0
Cabinet3,9811061037,1,0,464.0000,88.0000,0,0
Cabinet3,9811061038,1,0,464.0000,68.0000,0,0
Cabinet3,9811061039,1,0,726.0000,68.0000,0,0
Cabinet3,9811061042,1,1,423.0000,98.0000,0,0
Cabinet3,9811061047,1,0,88.0000,494.0000,0,0
Cabinet3,9811061048,1,1,423.0000,98.0000,0,0
Cabinet3,9811061053,1,0,88.0000,494.0000,0,0
Cabinet3,9811061054,1,1,423.0000,98.0000,0,0
Cabinet3,9811061059,1,0,88.0000,494.0000,0,0
Cabinet3,9811061073,1,0,665.0000,88.0000,0,0
Cabinet3,9811061074,1,0,665.0000,68.0000,0,0
Cabinet3,9811061089,1,0,576.0000,88.0000,0,0
Cabinet3,9811061090,1,0,576.0000,68.0000,0,0
Cabinet3,9811061163,1,0,1214.0000,40.0000,0,0
Cabinet3,9811061164,1,0,1214.0000,72.0000,0,0
Cabinet3,9811061179,1,0,466.0000,52.0000,0,0
Cabinet3,9811061198,1,0,1216.0000,88.0000,0,0
Cabinet3,9811061199,1,0,1216.0000,88.0000,0,0
Cabinet3,9811061201,1,0,1129.0000,166.0000,0,0
Cabinet3,9811061204,1,0,1129.0000,166.0000,0,0
Cabinet3,9811061207,1,0,1129.0000,166.0000,0,0
Cabinet3,9811061240,1,0,1056.0000,47.0000,0,0
Cabinet3,9811061241,1,0,1056.0000,69.0000,0,0
Cabinet3,9811061242,1,0,1056.0000,69.0000,0,0
Cabinet3,9811061244,1,0,969.0000,92.0000,0,0
Cabinet3,9811061247,1,0,969.0000,207.0000,0,0
Cabinet3,9811061250,1,0,969.0000,92.0000,0,0
Cabinet3,9811061256,1,0,47.0000,587.0000,0,0
Cabinet3,9811061257,1,0,47.0000,587.0000,0,0
Cabinet3,9811061258,1,0,608.0000,47.0000,0,0
Cabinet3,9811061259,1,0,608.0000,47.0000,0,0
Cabinet3,9811061266,1,0,1057.0000,47.0000,0,0
Cabinet3,9811061313,1,0,940.0000,124.0000,0,0
Cabinet3,9811061314,1,0,939.0000,68.0000,0,0
Cabinet3,9811061321,1,0,940.0000,128.0000,0,0
Cabinet3,9811061322,1,0,940.0000,158.0000,0,0
Cabinet3,9811061323,1,0,939.0000,48.0000,0,0
Cabinet3,9811061376,1,0,688.0000,68.0000,0,0
Cabinet3,9811061377,1,0,688.0000,68.0000,0,0
Cabinet3,9815111014,1,0,575.0000,88.0000,0,0
Cabinet3,9815111015,1,0,575.0000,68.0000,0,0
Cabinet3,9815111030,1,0,576.0000,88.0000,0,0
Cabinet3,9815111031,1,0,576.0000,68.0000,0,0
Cabinet3,9815111038,1,0,888.0000,88.0000,0,0
Cabinet3,9815111039,1,0,888.0000,68.0000,0,0
Cabinet3,9815111040,1,0,726.0000,68.0000,0,0
Cabinet3,9815111041,1,1,847.0000,98.0000,0,0
Cabinet3,9815111046,1,0,88.0000,918.0000,0,0
Cabinet3,9815111047,1,1,847.0000,98.0000,0,0
Cabinet3,9815111052,1,0,88.0000,918.0000,0,0
Cabinet3,9815111053,1,1,847.0000,98.0000,0,0
Cabinet3,9815111058,1,0,88.0000,918.0000,0,0
Cabinet3,9815111059,1,0,726.0000,68.0000,0,0
Cabinet3,9815111101,1,0,997.0000,88.0000,0,0
Cabinet3,9815111102,1,0,997.0000,88.0000,0,0
Cabinet3,9815111104,1,0,910.0000,166.0000,0,0
Cabinet3,9815111107,1,0,910.0000,166.0000,0,0
Cabinet3,9815111110,1,0,910.0000,166.0000,0,0
Cabinet3,9815111175,1,0,541.0000,52.0000,0,0
Cabinet3,9815111183,1,0,788.0000,88.0000,0,0
Cabinet3,9815111200,1,0,857.0000,47.0000,0,0
Cabinet3,9815111206,1,0,47.0000,587.0000,0,0
Cabinet3,9815111207,1,0,47.0000,587.0000,0,0
Cabinet3,9815111208,1,0,608.0000,47.0000,0,0
Cabinet3,9815111209,1,0,608.0000,47.0000,0,0
Cabinet3,9815111214,1,0,856.0000,47.0000,0,0
Cabinet3,9815111215,1,0,856.0000,69.0000,0,0
Cabinet3,9815111216,1,0,856.0000,69.0000,0,0
Cabinet3,9815111218,1,0,769.0000,92.0000,0,0
Cabinet3,9815111221,1,0,769.0000,207.0000,0,0
Cabinet3,9815111224,1,0,769.0000,92.0000,0,0
Cabinet3,9815111276,1,0,740.0000,124.0000,0,0
Cabinet3,9815111277,1,0,739.0000,68.0000,0,0
Cabinet3,9815111284,1,0,739.0000,94.0000,0,0
Cabinet3,9815111285,1,0,740.0000,128.0000,0,0
Cabinet3,9815111286,1,0,740.0000,158.0000,0,0
Cabinet3,9815111287,1,0,739.0000,48.0000,0,0
Cabinet3,9815191014,1,0,583.0000,88.0000,0,0
Cabinet3,9815191015,1,0,583.0000,68.0000,0,0
Cabinet3,9815191029,1,0,421.0000,88.0000,0,0
Cabinet3,9815191030,1,0,421.0000,68.0000,0,0
Cabinet3,9815191045,1,0,841.0000,88.0000,0,0
Cabinet3,9815191046,1,0,841.0000,68.0000,0,0
Cabinet3,9815191061,1,0,571.0000,88.0000,0,0
Cabinet3,9815191062,1,0,571.0000,68.0000,0,0
Cabinet3,9815191117,1,0,2413.0000,68.0000,0,0
Cabinet3,9815191163,1,0,1058.0000,47.0000,0,0
Cabinet3,9815191170,1,0,47.0000,587.0000,0,0
Cabinet3,9815191171,1,0,47.0000,587.0000,0,0
Cabinet3,9815191172,1,0,608.0000,47.0000,0,0
Cabinet3,9815191173,1,0,608.0000,47.0000,0,0
Cabinet3,9815191178,1,0,1056.0000,47.0000,0,0
Cabinet3,9815191179,1,0,1056.0000,69.0000,0,0
Cabinet3,9815191180,1,0,1056.0000,69.0000,0,0
Cabinet3,9815191182,1,0,969.0000,92.0000,0,0
Cabinet3,9815191185,1,0,969.0000,207.0000,0,0
Cabinet3,9815191188,1,0,969.0000,92.0000,0,0
Cabinet3,9815191214,1,0,551.0000,52.0000,0,0
Cabinet3,9815191259,1,0,940.0000,124.0000,0,0
Cabinet3,9815191260,1,0,939.0000,68.0000,0,0
Cabinet3,9815191267,1,0,939.0000,94.0000,0,0
Cabinet3,9815191268,1,0,940.0000,128.0000,0,0
Cabinet3,9815191269,1,0,940.0000,158.0000,0,0
Cabinet3,9815191270,1,0,939.0000,48.0000,0,0
Cabinet3,9815191302,1,0,576.0000,88.0000,0,0
Cabinet3,9815191303,1,0,576.0000,68.0000,0,0
Cabinet3,9815191321,1,0,1121.0000,88.0000,0,0
Cabinet3,9815191322,1,0,1121.0000,88.0000,0,0
Cabinet3,9815191324,1,0,1034.0000,166.0000,0,0
Cabinet3,9815191327,1,0,1034.0000,166.0000,0,0
Cabinet3,9815191330,1,0,1034.0000,166.0000,0,0
Cabinet3,9815231005,1,0,665.0000,88.0000,0,0
Cabinet3,9815231006,1,0,665.0000,68.0000,0,0
Cabinet3,9815231030,1,0,665.0000,88.0000,0,0
Cabinet3,9815231031,1,0,665.0000,68.0000,0,0
Cabinet3,9815231037,1,0,572.0000,88.0000,0,0
Cabinet3,9815231038,1,0,572.0000,68.0000,0,0
Cabinet3,9815231062,1,0,464.0000,88.0000,0,0
Cabinet3,9815231063,1,0,464.0000,68.0000,0,0
Cabinet3,9815231064,1,0,726.0000,68.0000,0,0
Cabinet3,9815231067,1,1,423.0000,98.0000,0,0
Cabinet3,9815231072,1,0,494.0000,88.0000,0,0
Cabinet3,9815231073,1,1,423.0000,98.0000,0,0
Cabinet3,9815231078,1,0,494.0000,88.0000,0,0
Cabinet3,9815231079,1,1,423.0000,98.0000,0,0
Cabinet3,9815231084,1,0,494.0000,88.0000,0,0
Cabinet3,9815231155,1,0,466.0000,52.0000,0,0
Cabinet3,9815231196,1,0,1057.0000,47.0000,0,0
Cabinet3,9815231203,1,0,47.0000,522.0000,0,0
Cabinet3,9815231204,1,0,47.0000,522.0000,0,0
Cabinet3,9815231205,1,0,608.0000,47.0000,0,0
Cabinet3,9815231206,1,0,608.0000,47.0000,0,0
Cabinet3,9815231211,1,0,1056.0000,47.0000,0,0
Cabinet3,9815231212,1,0,1056.0000,69.0000,0,0
Cabinet3,9815231213,1,0,1056.0000,69.0000,0,0
Cabinet3,9815231215,1,0,969.0000,92.0000,0,0
Cabinet3,9815231218,1,0,969.0000,207.0000,0,0
Cabinet3,9815231221,1,0,969.0000,92.0000,0,0
Cabinet3,9815231229,1,0,1056.0000,52.0000,0,0
Cabinet3,9815231230,1,0,1056.0000,69.0000,0,0
Cabinet3,9815231231,1,0,1056.0000,69.0000,0,0
Cabinet3,9815231234,1,0,969.0000,166.0000,0,0
Cabinet3,9815231237,1,0,969.0000,166.0000,0,0
Cabinet3,9815231240,1,0,969.0000,92.0000,0,0
Cabinet3,9815231278,1,0,1214.0000,40.0000,0,0
Cabinet3,9815231279,1,0,1214.0000,72.0000,0,0
Cabinet3,9815231300,1,0,1215.0000,88.0000,0,0
Cabinet3,9815231301,1,0,1215.0000,88.0000,0,0
Cabinet3,9815231303,1,0,1128.0000,166.0000,0,0
Cabinet3,9815231306,1,0,1128.0000,166.0000,0,0
Cabinet3,9815231309,1,0,1128.0000,166.0000,0,0
Cabinet3,9815231326,1,0,1040.0000,124.0000,0,0
Cabinet3,9815231327,1,0,1039.0000,68.0000,0,0
Cabinet3,9815231334,1,0,1040.0000,128.0000,0,0
Cabinet3,9815231335,1,0,1040.0000,158.0000,0,0
Cabinet3,9815231336,1,0,1039.0000,48.0000,0,0
Cabinet3,9815231400,1,0,576.0000,88.0000,0,0
Cabinet3,9815231401,1,0,576.0000,68.0000,0,0
Cabinet3,9815231074,1,1,114.2060,308.0000,0,0
Cabinet3,9815231080,1,1,114.2060,308.0000,0,0
