BatchNo,UPI,Qty,Color,Length,Width,IsSpecial,Rotatable
Closet2,20588351007,1,1,392.0000,548.0000,0,0
Closet2,20588351010,1,0,392.0000,520.0000,0,0
Closet2,20588351013,1,0,392.0000,502.0000,0,0
Closet2,20588351014,1,0,392.0000,502.0000,0,0
Closet2,20588351049,1,1,212.0000,548.0000,0,0
Closet2,20588351052,1,0,212.0000,520.0000,0,0
Closet2,20588351053,1,0,212.0000,502.0000,0,0
Closet2,20588351054,1,0,212.0000,502.0000,0,0
Closet2,20588351055,1,0,212.0000,502.0000,0,0
Closet2,20588351056,1,0,212.0000,502.0000,0,0
Closet2,20588351059,1,1,487.0000,554.0000,0,0
Closet2,20588351063,1,0,487.0000,526.0000,0,0
Closet2,20588351073,1,1,932.0000,548.0000,0,0
Closet2,20588351076,1,1,932.0000,520.0000,0,0
Closet2,20588351077,1,0,641.0000,518.5000,0,0
Closet2,20588351120,1,1,872.0000,490.0000,0,0
Closet2,20588351123,1,1,872.0000,462.0000,0,0
Closet2,20588351126,1,1,872.0000,498.0000,0,0
Closet2,20588351128,1,1,1169.0000,558.0000,0,0
Closet2,20588351129,1,0,487.0000,558.0000,0,0
Closet2,20588351131,1,0,1169.0000,558.0000,0,0
Closet2,20588351132,1,0,487.0000,530.0000,0,0
Closet2,20588351133,1,0,487.0000,512.0000,0,0
Closet2,20588351134,1,0,487.0000,512.0000,0,0
Closet2,20588351135,1,1,1169.0000,568.0000,0,0
Closet2,20588351136,1,0,932.0000,568.0000,0,0
Closet2,20588351138,1,1,1169.0000,568.0000,0,0
Closet2,20588351139,1,1,932.0000,540.0000,0,0
Closet2,20588351145,1,1,507.0000,531.5000,0,0
Closet2,20588351153,1,1,872.0000,490.0000,0,0
Closet2,20588351157,1,1,872.0000,462.0000,0,0
Closet2,20588351160,1,1,872.0000,498.0000,0,0
Closet2,20588351161,1,1,872.0000,548.0000,0,0
Closet2,20588351164,1,1,872.0000,508.0000,0,0
Closet2,20588351165,1,1,872.0000,520.0000,0,0
Closet2,20588351172,1,1,392.0000,548.0000,0,0
Closet2,20588351175,1,0,392.0000,520.0000,0,0
Closet2,20588351178,1,0,392.0000,491.5000,0,0
Closet2,20588351179,1,0,392.0000,491.5000,0,0
Closet2,20588351148,1,0,2415.0000,550.0000,0,0
Closet2,20588351057,1,1,2415.0000,548.0000,0,0
Closet2,20588351058,1,0,2415.0000,548.0000,0,0
Closet2,20588351166,1,1,2415.0000,548.0000,0,0
Closet2,20588351167,1,1,2415.0000,548.0000,0,0
Closet2,20588351124,1,1,2415.0000,536.0000,0,0
Closet2,20588351125,1,1,2415.0000,536.0000,0,0
Closet2,20588351158,1,1,2415.0000,536.0000,0,0
Closet2,20588351159,1,1,2415.0000,536.0000,0,0
Closet2,20588351011,1,1,1898.0000,548.0000,0,0
Closet2,20588351012,1,0,1898.0000,548.0000,0,0
Closet2,20588351176,1,0,1898.0000,548.0000,0,0
Closet2,20588351177,1,1,1898.0000,548.0000,0,0
Closet2,20588351151,1,1,1898.0000,550.0000,0,0
Closet2,20588351064,1,1,737.0000,554.0000,0,0
Closet2,20588351065,1,0,737.0000,554.0000,0,0
Closet2,20588351108,1,1,737.0000,548.0000,0,0
Closet2,20588351109,1,0,737.0000,548.0000,0,0
Closet2,20588351149+20588351028+20588351152+20588351033+20588351038,1,1,1008.0000,1463.0000,0,0
Closet2,20588351141+20588351031+20588351036+20588351041,1,0,942.0000,960.0000,0,0
Closet2,20588351150+20588351043+20588351078+20588351083+20588351066,1,1,2415.0000,960.0000,0,1
Closet2,20588351009,1,0,392.0000,68.0000,0,0
Closet2,20588351016,1,0,523.0000,48.0000,0,0
Closet2,20588351017,1,0,523.0000,48.0000,0,0
Closet2,20588351019,1,0,489.0000,48.0000,0,0
Closet2,20588351020,1,0,486.0000,48.0000,0,0
Closet2,20588351029,1,0,350.0000,115.0000,0,0
Closet2,20588351032,1,1,350.0000,115.0000,0,0
Closet2,20588351034,1,0,350.0000,115.0000,0,0
Closet2,20588351037,1,1,350.0000,115.0000,0,0
Closet2,20588351039,1,0,350.0000,115.0000,0,0
Closet2,20588351042,1,1,350.0000,115.0000,0,0
Closet2,20588351044,1,0,350.0000,115.0000,0,0
Closet2,20588351046,1,0,398.0000,136.0000,0,0
Closet2,20588351047,1,1,350.0000,115.0000,0,0
Closet2,20588351051,1,0,212.0000,68.0000,0,0
Closet2,20588351062,1,0,487.0000,68.0000,0,0
Closet2,20588351067,1,0,440.0000,87.0000,0,0
Closet2,20588351069,1,0,398.0000,108.0000,0,0
Closet2,20588351070,1,1,440.0000,87.0000,0,0
Closet2,20588351075,1,0,932.0000,68.0000,0,0
Closet2,20588351079,1,0,414.0000,115.0000,0,0
Closet2,20588351081,1,0,398.0000,136.0000,0,0
Closet2,20588351082,1,1,414.0000,115.0000,0,0
Closet2,20588351084,1,0,414.0000,115.0000,0,0
Closet2,20588351086,1,0,398.0000,136.0000,0,0
Closet2,20588351087,1,1,414.0000,115.0000,0,0
Closet2,20588351088,1,1,398.0000,136.0000,0,0
Closet2,20588351089,1,0,414.0000,115.0000,0,0
Closet2,20588351091,1,0,398.0000,136.0000,0,0
Closet2,20588351092,1,1,414.0000,115.0000,0,0
Closet2,20588351093,1,1,398.0000,136.0000,0,0
Closet2,20588351094,1,0,414.0000,115.0000,0,0
Closet2,20588351096,1,0,398.0000,136.0000,0,0
Closet2,20588351097,1,1,414.0000,115.0000,0,0
Closet2,20588351098,1,1,398.0000,136.0000,0,0
Closet2,20588351099,1,0,414.0000,115.0000,0,0
Closet2,20588351101,1,0,398.0000,136.0000,0,0
Closet2,20588351102,1,1,414.0000,115.0000,0,0
Closet2,20588351103,1,1,398.0000,136.0000,0,0
Closet2,20588351104,1,0,414.0000,115.0000,0,0
Closet2,20588351106,1,0,398.0000,136.0000,0,0
Closet2,20588351107,1,1,414.0000,115.0000,0,0
Closet2,20588351110,1,0,392.0000,78.0000,0,0
Closet2,20588351111,1,1,525.0000,78.0000,0,0
Closet2,20588351113,1,1,525.0000,78.0000,0,0
Closet2,20588351115,1,0,489.0000,76.5000,0,0
Closet2,20588351116,1,0,525.0000,78.0000,0,0
Closet2,20588351117,1,1,525.0000,78.0000,0,0
Closet2,20588351118,1,1,932.0000,78.0000,0,0
Closet2,20588351119,1,1,932.0000,78.0000,0,0
Closet2,20588351122,1,0,872.0000,68.0000,0,0
Closet2,20588351143,1,0,942.0000,68.0000,0,0
Closet2,20588351144,1,0,525.0000,78.5000,0,0
Closet2,20588351156,1,0,872.0000,68.0000,0,0
Closet2,20588351163,1,0,872.0000,68.0000,0,0
Closet2,20588351168,1,1,525.0000,78.0000,0,0
Closet2,20588351169,1,0,392.0000,78.0000,0,0
Closet2,20588351170,1,1,525.0000,78.0000,0,0
Closet2,20588351174,1,0,392.0000,68.0000,0,0
