Container length: 24400
Container width: 12200
Boxes Volume: 2.941067E8
Container Volume: 297680000
Utilization: 98.79961703843054

Packed Boxes: 16
format: x y length width
0 0  580 3720
720 0  23680 880
1920 11320  22480 880
0 7620  1830 4580
1920 880  22480 880
4310 4330  20090 6990
580 880  880 5720
3230 1760  21170 880
4670 2640  19730 580
1830 7600  580 3720
4470 3220  19930 1080
1460 1760  1680 5080
2410 7420  1900 3900
0 3720  580 3720
580 6840  3720 580
3140 2640  880 4190

numOfBlemishes: 0
