Container length: 24400
Container width: 12200
Boxes Volume: 2.5209936E8
Container Volume: 297680000
Utilization: 84.68804084923407

Packed Boxes: 17
format: x y length width
0 0  6570 4050
0 8150  6570 4050
0 4050  7620 3465
6570 8735  7620 3465
6570 0  15720 780
6570 780  7810 2965
6570 7875  9080 860
7620 3745  7610 2575
7620 6325  5590 1550
14190 10470  8050 1730
14380 780  5590 1550
14190 9690  8420 780
14190 8810  5404 880
14380 2330  5403 880
13210 6325  4000 1550
15230 3210  4000 1550
19970 780  4185 5620

numOfBlemishes: 0
