Container length: 24400
Container width: 12200
Boxes Volume: 2.929064E8
Container Volume: 297680000
Utilization: 98.39639881752218

Packed Boxes: 24
format: x y length width
0 0  5170 5710
0 7460  8600 4740
0 5750  5670 1710
5170 0  5170 5710
8600 7400  5710 4800
10340 0  7510 3330
5670 5880  2880 1580
8550 5820  6110 1580
10340 3330  8460 1080
14310 8190  5730 4010
10340 4410  8510 680
10340 5090  3580 680
17850 0  5600 3030
14310 7510  6210 680
13920 5090  6710 680
14660 5810  2830 1700
20040 8530  4330 3670
18800 3030  4710 1080
17490 5930  3380 1580
18850 4110  5280 880
23510 0  880 3680
20520 7800  3680 730
20870 5900  3030 1900
20630 4990  3680 880

numOfBlemishes: 0
