Container length: 24400
Container width: 12200
Boxes Volume: 2.934941E8
Container Volume: 297680000
Utilization: 98.59382558452029

Packed Boxes: 17
format: x y length width
0 0  5950 4880
20180 0  4220 5260
23820 5620  580 6580
0 8620  7580 3580
23240 6250  580 5950
13370 6250  9870 5950
0 5040  7580 3580
15480 0  4700 580
13600 580  6580 5580
20240 5260  3580 850
5950 0  5950 4880
7580 11520  5720 680
7580 10840  5720 680
11900 0  3580 580
7580 4890  5720 5950
12920 580  680 4220
12040 580  880 4220

numOfBlemishes: 0
