blockCount=81

block 1
id=066563003
BackFrontPriority=true
rotate=[0,90]
score1=0.000000
score2=0.000000
boxArea=367164.000000
outline=[[658.0,0.0],[658.0,558.0],[0.0,558.0],[0.0,0.0]]
combinedCoordinates=[[658.0,558.0],[0.0,558.0],[0.0,0.0],[658.0,0.0]]
items=
  - id=066563003
    BackFrontPriority=true
    smallItem=false
    rotate=[0,90]
    selectedRelativeRotation=0
    centPt=[329.0,279.0]
    translation=[0.0,0.0]
    originalPoints=[[658.0,558.0],[0.0,558.0],[0.0,0.0],[658.0,0.0]]
    placedPoints=[[658.0,558.0],[0.0,558.0],[0.0,0.0],[658.0,0.0]]

block 2
id=066564004
BackFrontPriority=false
rotate=[0,90]
score1=0.000000
score2=0.000000
boxArea=367164.000000
outline=[[658.0,0.0],[658.0,558.0],[0.0,558.0],[0.0,0.0]]
combinedCoordinates=[[658.0,558.0],[0.0,558.0],[0.0,0.0],[658.0,0.0]]
items=
  - id=066564004
    BackFrontPriority=false
    smallItem=false
    rotate=[0,90]
    selectedRelativeRotation=0
    centPt=[329.0,279.0]
    translation=[0.0,0.0]
    originalPoints=[[658.0,558.0],[0.0,558.0],[0.0,0.0],[658.0,0.0]]
    placedPoints=[[658.0,558.0],[0.0,558.0],[0.0,0.0],[658.0,0.0]]

block 3
id=066565005
BackFrontPriority=true
rotate=[0,90]
score1=0.000000
score2=0.000000
boxArea=207576.000000
outline=[[372.0,0.0],[372.0,558.0],[0.0,558.0],[0.0,0.0]]
combinedCoordinates=[[372.0,558.0],[0.0,558.0],[0.0,0.0],[372.0,0.0]]
items=
  - id=066565005
    BackFrontPriority=true
    smallItem=false
    rotate=[0,90]
    selectedRelativeRotation=0
    centPt=[186.0,279.0]
    translation=[0.0,0.0]
    originalPoints=[[372.0,558.0],[0.0,558.0],[0.0,0.0],[372.0,0.0]]
    placedPoints=[[372.0,558.0],[0.0,558.0],[0.0,0.0],[372.0,0.0]]

block 4
id=066569009
BackFrontPriority=true
rotate=[0,90]
score1=0.000000
score2=0.000000
boxArea=195672.000000
outline=[[372.0,0.0],[372.0,526.0],[0.0,526.0],[0.0,0.0]]
combinedCoordinates=[[372.0,526.0],[0.0,526.0],[0.0,0.0],[372.0,0.0]]
items=
  - id=066569009
    BackFrontPriority=true
    smallItem=false
    rotate=[0,90]
    selectedRelativeRotation=0
    centPt=[186.0,263.0]
    translation=[0.0,0.0]
    originalPoints=[[372.0,526.0],[0.0,526.0],[0.0,0.0],[372.0,0.0]]
    placedPoints=[[372.0,526.0],[0.0,526.0],[0.0,0.0],[372.0,0.0]]

block 5
id=066573014
BackFrontPriority=true
rotate=[0,90]
score1=0.000000
score2=0.000000
boxArea=367164.000000
outline=[[658.0,0.0],[658.0,558.0],[0.0,558.0],[0.0,0.0]]
combinedCoordinates=[[658.0,558.0],[0.0,558.0],[0.0,0.0],[658.0,0.0]]
items=
  - id=066573014
    BackFrontPriority=true
    smallItem=false
    rotate=[0,90]
    selectedRelativeRotation=0
    centPt=[329.0,279.0]
    translation=[0.0,0.0]
    originalPoints=[[658.0,558.0],[0.0,558.0],[0.0,0.0],[658.0,0.0]]
    placedPoints=[[658.0,558.0],[0.0,558.0],[0.0,0.0],[658.0,0.0]]

block 6
id=066574015
BackFrontPriority=false
rotate=[0,90]
score1=0.000000
score2=0.000000
boxArea=367164.000000
outline=[[658.0,0.0],[658.0,558.0],[0.0,558.0],[0.0,0.0]]
combinedCoordinates=[[658.0,558.0],[0.0,558.0],[0.0,0.0],[658.0,0.0]]
items=
  - id=066574015
    BackFrontPriority=false
    smallItem=false
    rotate=[0,90]
    selectedRelativeRotation=0
    centPt=[329.0,279.0]
    translation=[0.0,0.0]
    originalPoints=[[658.0,558.0],[0.0,558.0],[0.0,0.0],[658.0,0.0]]
    placedPoints=[[658.0,558.0],[0.0,558.0],[0.0,0.0],[658.0,0.0]]

block 7
id=066575016
BackFrontPriority=true
rotate=[0,90]
score1=0.000000
score2=0.000000
boxArea=235476.000000
outline=[[422.0,0.0],[422.0,558.0],[0.0,558.0],[0.0,0.0]]
combinedCoordinates=[[422.0,558.0],[0.0,558.0],[0.0,0.0],[422.0,0.0]]
items=
  - id=066575016
    BackFrontPriority=true
    smallItem=false
    rotate=[0,90]
    selectedRelativeRotation=0
    centPt=[211.0,279.0]
    translation=[0.0,0.0]
    originalPoints=[[422.0,558.0],[0.0,558.0],[0.0,0.0],[422.0,0.0]]
    placedPoints=[[422.0,558.0],[0.0,558.0],[0.0,0.0],[422.0,0.0]]

block 8
id=066579020
BackFrontPriority=true
rotate=[0,90]
score1=0.000000
score2=0.000000
boxArea=221972.000000
outline=[[422.0,0.0],[422.0,526.0],[0.0,526.0],[0.0,0.0]]
combinedCoordinates=[[422.0,526.0],[0.0,526.0],[0.0,0.0],[422.0,0.0]]
items=
  - id=066579020
    BackFrontPriority=true
    smallItem=false
    rotate=[0,90]
    selectedRelativeRotation=0
    centPt=[211.0,263.0]
    translation=[0.0,0.0]
    originalPoints=[[422.0,526.0],[0.0,526.0],[0.0,0.0],[422.0,0.0]]
    placedPoints=[[422.0,526.0],[0.0,526.0],[0.0,0.0],[422.0,0.0]]

block 9
id=066581023
BackFrontPriority=true
rotate=[0,90]
score1=0.000000
score2=0.000000
boxArea=367164.000000
outline=[[658.0,0.0],[658.0,558.0],[0.0,558.0],[0.0,0.0]]
combinedCoordinates=[[658.0,558.0],[0.0,558.0],[0.0,0.0],[658.0,0.0]]
items=
  - id=066581023
    BackFrontPriority=true
    smallItem=false
    rotate=[0,90]
    selectedRelativeRotation=0
    centPt=[329.0,279.0]
    translation=[0.0,0.0]
    originalPoints=[[658.0,558.0],[0.0,558.0],[0.0,0.0],[658.0,0.0]]
    placedPoints=[[658.0,558.0],[0.0,558.0],[0.0,0.0],[658.0,0.0]]

block 10
id=066582024
BackFrontPriority=false
rotate=[0,90]
score1=0.000000
score2=0.000000
boxArea=367164.000000
outline=[[658.0,0.0],[658.0,558.0],[0.0,558.0],[0.0,0.0]]
combinedCoordinates=[[658.0,558.0],[0.0,558.0],[0.0,0.0],[658.0,0.0]]
items=
  - id=066582024
    BackFrontPriority=false
    smallItem=false
    rotate=[0,90]
    selectedRelativeRotation=0
    centPt=[329.0,279.0]
    translation=[0.0,0.0]
    originalPoints=[[658.0,558.0],[0.0,558.0],[0.0,0.0],[658.0,0.0]]
    placedPoints=[[658.0,558.0],[0.0,558.0],[0.0,0.0],[658.0,0.0]]

block 11
id=066588032
BackFrontPriority=true
rotate=[0,90]
score1=0.000000
score2=0.000000
boxArea=367164.000000
outline=[[658.0,0.0],[658.0,558.0],[0.0,558.0],[0.0,0.0]]
combinedCoordinates=[[658.0,558.0],[0.0,558.0],[0.0,0.0],[658.0,0.0]]
items=
  - id=066588032
    BackFrontPriority=true
    smallItem=false
    rotate=[0,90]
    selectedRelativeRotation=0
    centPt=[329.0,279.0]
    translation=[0.0,0.0]
    originalPoints=[[658.0,558.0],[0.0,558.0],[0.0,0.0],[658.0,0.0]]
    placedPoints=[[658.0,558.0],[0.0,558.0],[0.0,0.0],[658.0,0.0]]

block 12
id=066589033
BackFrontPriority=false
rotate=[0,90]
score1=0.000000
score2=0.000000
boxArea=367164.000000
outline=[[658.0,0.0],[658.0,558.0],[0.0,558.0],[0.0,0.0]]
combinedCoordinates=[[658.0,558.0],[0.0,558.0],[0.0,0.0],[658.0,0.0]]
items=
  - id=066589033
    BackFrontPriority=false
    smallItem=false
    rotate=[0,90]
    selectedRelativeRotation=0
    centPt=[329.0,279.0]
    translation=[0.0,0.0]
    originalPoints=[[658.0,558.0],[0.0,558.0],[0.0,0.0],[658.0,0.0]]
    placedPoints=[[658.0,558.0],[0.0,558.0],[0.0,0.0],[658.0,0.0]]

block 13
id=066590034
BackFrontPriority=true
rotate=[0,90]
score1=0.000000
score2=0.000000
boxArea=430776.000000
outline=[[772.0,0.0],[772.0,558.0],[0.0,558.0],[0.0,0.0]]
combinedCoordinates=[[772.0,558.0],[0.0,558.0],[0.0,0.0],[772.0,0.0]]
items=
  - id=066590034
    BackFrontPriority=true
    smallItem=false
    rotate=[0,90]
    selectedRelativeRotation=0
    centPt=[386.0,279.0]
    translation=[0.0,0.0]
    originalPoints=[[772.0,558.0],[0.0,558.0],[0.0,0.0],[772.0,0.0]]
    placedPoints=[[772.0,558.0],[0.0,558.0],[0.0,0.0],[772.0,0.0]]

block 14
id=066598044
BackFrontPriority=true
rotate=[0,90]
score1=0.000000
score2=0.000000
boxArea=235564.000000
outline=[[658.0,0.0],[658.0,358.0],[0.0,358.0],[0.0,0.0]]
combinedCoordinates=[[658.0,358.0],[0.0,358.0],[0.0,0.0],[658.0,0.0]]
items=
  - id=066598044
    BackFrontPriority=true
    smallItem=false
    rotate=[0,90]
    selectedRelativeRotation=0
    centPt=[329.0,179.0]
    translation=[0.0,0.0]
    originalPoints=[[658.0,358.0],[0.0,358.0],[0.0,0.0],[658.0,0.0]]
    placedPoints=[[658.0,358.0],[0.0,358.0],[0.0,0.0],[658.0,0.0]]

block 15
id=066599045
BackFrontPriority=false
rotate=[0,90]
score1=0.000000
score2=0.000000
boxArea=235564.000000
outline=[[658.0,0.0],[658.0,358.0],[0.0,358.0],[0.0,0.0]]
combinedCoordinates=[[658.0,358.0],[0.0,358.0],[0.0,0.0],[658.0,0.0]]
items=
  - id=066599045
    BackFrontPriority=false
    smallItem=false
    rotate=[0,90]
    selectedRelativeRotation=0
    centPt=[329.0,179.0]
    translation=[0.0,0.0]
    originalPoints=[[658.0,358.0],[0.0,358.0],[0.0,0.0],[658.0,0.0]]
    placedPoints=[[658.0,358.0],[0.0,358.0],[0.0,0.0],[658.0,0.0]]

block 16
id=066606054
BackFrontPriority=false
rotate=[0,90]
score1=0.000000
score2=0.000000
boxArea=271364.000000
outline=[[758.0,0.0],[758.0,358.0],[0.0,358.0],[0.0,0.0]]
combinedCoordinates=[[758.0,358.0],[0.0,358.0],[0.0,0.0],[758.0,0.0]]
items=
  - id=066606054
    BackFrontPriority=false
    smallItem=false
    rotate=[0,90]
    selectedRelativeRotation=0
    centPt=[379.0,179.0]
    translation=[0.0,0.0]
    originalPoints=[[758.0,358.0],[0.0,358.0],[0.0,0.0],[758.0,0.0]]
    placedPoints=[[758.0,358.0],[0.0,358.0],[0.0,0.0],[758.0,0.0]]

block 17
id=066611059
BackFrontPriority=true
rotate=[0,90]
score1=0.000000
score2=0.000000
boxArea=271364.000000
outline=[[758.0,0.0],[758.0,358.0],[0.0,358.0],[0.0,0.0]]
combinedCoordinates=[[758.0,358.0],[0.0,358.0],[0.0,0.0],[758.0,0.0]]
items=
  - id=066611059
    BackFrontPriority=true
    smallItem=false
    rotate=[0,90]
    selectedRelativeRotation=0
    centPt=[379.0,179.0]
    translation=[0.0,0.0]
    originalPoints=[[758.0,358.0],[0.0,358.0],[0.0,0.0],[758.0,0.0]]
    placedPoints=[[758.0,358.0],[0.0,358.0],[0.0,0.0],[758.0,0.0]]

block 18
id=066612060
BackFrontPriority=false
rotate=[0,90]
score1=0.000000
score2=0.000000
boxArea=271364.000000
outline=[[758.0,0.0],[758.0,358.0],[0.0,358.0],[0.0,0.0]]
combinedCoordinates=[[758.0,358.0],[0.0,358.0],[0.0,0.0],[758.0,0.0]]
items=
  - id=066612060
    BackFrontPriority=false
    smallItem=false
    rotate=[0,90]
    selectedRelativeRotation=0
    centPt=[379.0,179.0]
    translation=[0.0,0.0]
    originalPoints=[[758.0,358.0],[0.0,358.0],[0.0,0.0],[758.0,0.0]]
    placedPoints=[[758.0,358.0],[0.0,358.0],[0.0,0.0],[758.0,0.0]]

block 19
id=066613061
BackFrontPriority=false
rotate=[0,90]
score1=0.000000
score2=0.000000
boxArea=133176.000000
outline=[[372.0,0.0],[372.0,358.0],[0.0,358.0],[0.0,0.0]]
combinedCoordinates=[[372.0,358.0],[0.0,358.0],[0.0,0.0],[372.0,0.0]]
items=
  - id=066613061
    BackFrontPriority=false
    smallItem=false
    rotate=[0,90]
    selectedRelativeRotation=0
    centPt=[186.0,179.0]
    translation=[0.0,0.0]
    originalPoints=[[372.0,358.0],[0.0,358.0],[0.0,0.0],[372.0,0.0]]
    placedPoints=[[372.0,358.0],[0.0,358.0],[0.0,0.0],[372.0,0.0]]

block 20
id=066614062
BackFrontPriority=true
rotate=[0,90]
score1=0.000000
score2=0.000000
boxArea=133176.000000
outline=[[372.0,0.0],[372.0,358.0],[0.0,358.0],[0.0,0.0]]
combinedCoordinates=[[372.0,358.0],[0.0,358.0],[0.0,0.0],[372.0,0.0]]
items=
  - id=066614062
    BackFrontPriority=true
    smallItem=false
    rotate=[0,90]
    selectedRelativeRotation=0
    centPt=[186.0,179.0]
    translation=[0.0,0.0]
    originalPoints=[[372.0,358.0],[0.0,358.0],[0.0,0.0],[372.0,0.0]]
    placedPoints=[[372.0,358.0],[0.0,358.0],[0.0,0.0],[372.0,0.0]]

block 21
id=066615063
BackFrontPriority=true
rotate=[0,90]
score1=0.000000
score2=0.000000
boxArea=125178.000000
outline=[[372.0,0.0],[372.0,336.5],[0.0,336.5],[0.0,0.0]]
combinedCoordinates=[[372.0,336.5],[0.0,336.5],[0.0,0.0],[372.0,0.0]]
items=
  - id=066615063
    BackFrontPriority=true
    smallItem=false
    rotate=[0,90]
    selectedRelativeRotation=0
    centPt=[186.0,168.25]
    translation=[0.0,0.0]
    originalPoints=[[372.0,336.5],[0.0,336.5],[0.0,0.0],[372.0,0.0]]
    placedPoints=[[372.0,336.5],[0.0,336.5],[0.0,0.0],[372.0,0.0]]

block 22
id=066616064
BackFrontPriority=true
rotate=[0,90]
score1=0.000000
score2=0.000000
boxArea=268584.000000
outline=[[722.0,0.0],[722.0,372.0],[0.0,372.0],[0.0,0.0]]
combinedCoordinates=[[722.0,372.0],[0.0,372.0],[0.0,0.0],[722.0,0.0]]
items=
  - id=066616064
    BackFrontPriority=true
    smallItem=false
    rotate=[0,90]
    selectedRelativeRotation=0
    centPt=[361.0,186.0]
    translation=[0.0,0.0]
    originalPoints=[[722.0,372.0],[0.0,372.0],[0.0,0.0],[722.0,0.0]]
    placedPoints=[[722.0,372.0],[0.0,372.0],[0.0,0.0],[722.0,0.0]]

block 23
id=066622071
BackFrontPriority=true
rotate=[0,90]
score1=0.000000
score2=0.000000
boxArea=1313760.000000
outline=[[2208.0,0.0],[2208.0,595.0],[0.0,595.0],[0.0,0.0]]
combinedCoordinates=[[2208.0,595.0],[0.0,595.0],[0.0,0.0],[2208.0,0.0]]
items=
  - id=066622071
    BackFrontPriority=true
    smallItem=false
    rotate=[0,90]
    selectedRelativeRotation=0
    centPt=[1104.0,297.5]
    translation=[0.0,0.0]
    originalPoints=[[2208.0,595.0],[0.0,595.0],[0.0,0.0],[2208.0,0.0]]
    placedPoints=[[2208.0,595.0],[0.0,595.0],[0.0,0.0],[2208.0,0.0]]

block 24
id=066623072
BackFrontPriority=false
rotate=[0,90]
score1=0.000000
score2=0.000000
boxArea=1313760.000000
outline=[[2208.0,0.0],[2208.0,595.0],[0.0,595.0],[0.0,0.0]]
combinedCoordinates=[[2208.0,595.0],[0.0,595.0],[0.0,0.0],[2208.0,0.0]]
items=
  - id=066623072
    BackFrontPriority=false
    smallItem=false
    rotate=[0,90]
    selectedRelativeRotation=0
    centPt=[1104.0,297.5]
    translation=[0.0,0.0]
    originalPoints=[[2208.0,595.0],[0.0,595.0],[0.0,0.0],[2208.0,0.0]]
    placedPoints=[[2208.0,595.0],[0.0,595.0],[0.0,0.0],[2208.0,0.0]]

block 25
id=066624073
BackFrontPriority=false
rotate=[0,90]
score1=0.000000
score2=0.000000
boxArea=340340.000000
outline=[[572.0,0.0],[572.0,595.0],[0.0,595.0],[0.0,0.0]]
combinedCoordinates=[[572.0,595.0],[0.0,595.0],[0.0,0.0],[572.0,0.0]]
items=
  - id=066624073
    BackFrontPriority=false
    smallItem=false
    rotate=[0,90]
    selectedRelativeRotation=0
    centPt=[286.0,297.5]
    translation=[0.0,0.0]
    originalPoints=[[572.0,595.0],[0.0,595.0],[0.0,0.0],[572.0,0.0]]
    placedPoints=[[572.0,595.0],[0.0,595.0],[0.0,0.0],[572.0,0.0]]

block 26
id=066625074
BackFrontPriority=true
rotate=[0,90]
score1=0.000000
score2=0.000000
boxArea=340340.000000
outline=[[572.0,0.0],[572.0,595.0],[0.0,595.0],[0.0,0.0]]
combinedCoordinates=[[572.0,595.0],[0.0,595.0],[0.0,0.0],[572.0,0.0]]
items=
  - id=066625074
    BackFrontPriority=true
    smallItem=false
    rotate=[0,90]
    selectedRelativeRotation=0
    centPt=[286.0,297.5]
    translation=[0.0,0.0]
    originalPoints=[[572.0,595.0],[0.0,595.0],[0.0,0.0],[572.0,0.0]]
    placedPoints=[[572.0,595.0],[0.0,595.0],[0.0,0.0],[572.0,0.0]]

block 27
id=066629078
BackFrontPriority=false
rotate=[0,90]
score1=0.000000
score2=0.000000
boxArea=340054.000000
outline=[[572.0,0.0],[572.0,594.5],[0.0,594.5],[0.0,0.0]]
combinedCoordinates=[[572.0,594.5],[0.0,594.5],[0.0,0.0],[572.0,0.0]]
items=
  - id=066629078
    BackFrontPriority=false
    smallItem=false
    rotate=[0,90]
    selectedRelativeRotation=0
    centPt=[286.0,297.25]
    translation=[0.0,0.0]
    originalPoints=[[572.0,594.5],[0.0,594.5],[0.0,0.0],[572.0,0.0]]
    placedPoints=[[572.0,594.5],[0.0,594.5],[0.0,0.0],[572.0,0.0]]

block 28
id=066630079
BackFrontPriority=true
rotate=[0,90]
score1=0.000000
score2=0.000000
boxArea=340054.000000
outline=[[572.0,0.0],[572.0,594.5],[0.0,594.5],[0.0,0.0]]
combinedCoordinates=[[572.0,594.5],[0.0,594.5],[0.0,0.0],[572.0,0.0]]
items=
  - id=066630079
    BackFrontPriority=true
    smallItem=false
    rotate=[0,90]
    selectedRelativeRotation=0
    centPt=[286.0,297.25]
    translation=[0.0,0.0]
    originalPoints=[[572.0,594.5],[0.0,594.5],[0.0,0.0],[572.0,0.0]]
    placedPoints=[[572.0,594.5],[0.0,594.5],[0.0,0.0],[572.0,0.0]]

block 29
id=066631080
BackFrontPriority=true
rotate=[0,90]
score1=0.000000
score2=0.000000
boxArea=323180.000000
outline=[[572.0,0.0],[572.0,565.0],[0.0,565.0],[0.0,0.0]]
combinedCoordinates=[[572.0,565.0],[0.0,565.0],[0.0,0.0],[572.0,0.0]]
items=
  - id=066631080
    BackFrontPriority=true
    smallItem=false
    rotate=[0,90]
    selectedRelativeRotation=0
    centPt=[286.0,282.5]
    translation=[0.0,0.0]
    originalPoints=[[572.0,565.0],[0.0,565.0],[0.0,0.0],[572.0,0.0]]
    placedPoints=[[572.0,565.0],[0.0,565.0],[0.0,0.0],[572.0,0.0]]

block 30
id=066632081
BackFrontPriority=true
rotate=[0,90]
score1=0.000000
score2=0.000000
boxArea=339482.000000
outline=[[572.0,0.0],[572.0,593.5],[0.0,593.5],[0.0,0.0]]
combinedCoordinates=[[572.0,593.5],[0.0,593.5],[0.0,0.0],[572.0,0.0]]
items=
  - id=066632081
    BackFrontPriority=true
    smallItem=false
    rotate=[0,90]
    selectedRelativeRotation=0
    centPt=[286.0,296.75]
    translation=[0.0,0.0]
    originalPoints=[[572.0,593.5],[0.0,593.5],[0.0,0.0],[572.0,0.0]]
    placedPoints=[[572.0,593.5],[0.0,593.5],[0.0,0.0],[572.0,0.0]]

block 31
id=066635086
BackFrontPriority=true
rotate=[0,90]
score1=0.000000
score2=0.000000
boxArea=290360.000000
outline=[[488.0,0.0],[488.0,595.0],[0.0,595.0],[0.0,0.0]]
combinedCoordinates=[[488.0,595.0],[0.0,595.0],[0.0,0.0],[488.0,0.0]]
items=
  - id=066635086
    BackFrontPriority=true
    smallItem=false
    rotate=[0,90]
    selectedRelativeRotation=0
    centPt=[244.0,297.5]
    translation=[0.0,0.0]
    originalPoints=[[488.0,595.0],[0.0,595.0],[0.0,0.0],[488.0,0.0]]
    placedPoints=[[488.0,595.0],[0.0,595.0],[0.0,0.0],[488.0,0.0]]

block 32
id=066636087
BackFrontPriority=false
rotate=[0,90]
score1=0.000000
score2=0.000000
boxArea=290360.000000
outline=[[488.0,0.0],[488.0,595.0],[0.0,595.0],[0.0,0.0]]
combinedCoordinates=[[488.0,595.0],[0.0,595.0],[0.0,0.0],[488.0,0.0]]
items=
  - id=066636087
    BackFrontPriority=false
    smallItem=false
    rotate=[0,90]
    selectedRelativeRotation=0
    centPt=[244.0,297.5]
    translation=[0.0,0.0]
    originalPoints=[[488.0,595.0],[0.0,595.0],[0.0,0.0],[488.0,0.0]]
    placedPoints=[[488.0,595.0],[0.0,595.0],[0.0,0.0],[488.0,0.0]]

block 33
id=066637088
BackFrontPriority=false
rotate=[0,90]
score1=0.000000
score2=0.000000
boxArea=587265.000000
outline=[[987.0,0.0],[987.0,595.0],[0.0,595.0],[0.0,0.0]]
combinedCoordinates=[[987.0,595.0],[0.0,595.0],[0.0,0.0],[987.0,0.0]]
items=
  - id=066637088
    BackFrontPriority=false
    smallItem=false
    rotate=[0,90]
    selectedRelativeRotation=0
    centPt=[493.5,297.5]
    translation=[0.0,0.0]
    originalPoints=[[987.0,595.0],[0.0,595.0],[0.0,0.0],[987.0,0.0]]
    placedPoints=[[987.0,595.0],[0.0,595.0],[0.0,0.0],[987.0,0.0]]

block 34
id=066638089
BackFrontPriority=true
rotate=[0,90]
score1=0.000000
score2=0.000000
boxArea=587265.000000
outline=[[987.0,0.0],[987.0,595.0],[0.0,595.0],[0.0,0.0]]
combinedCoordinates=[[987.0,595.0],[0.0,595.0],[0.0,0.0],[987.0,0.0]]
items=
  - id=066638089
    BackFrontPriority=true
    smallItem=false
    rotate=[0,90]
    selectedRelativeRotation=0
    centPt=[493.5,297.5]
    translation=[0.0,0.0]
    originalPoints=[[987.0,595.0],[0.0,595.0],[0.0,0.0],[987.0,0.0]]
    placedPoints=[[987.0,595.0],[0.0,595.0],[0.0,0.0],[987.0,0.0]]

block 35
id=066639090
BackFrontPriority=true
rotate=[0,90]
score1=0.000000
score2=0.000000
boxArea=446124.000000
outline=[[452.0,0.0],[452.0,987.0],[0.0,987.0],[0.0,0.0]]
combinedCoordinates=[[452.0,987.0],[0.0,987.0],[0.0,0.0],[452.0,0.0]]
items=
  - id=066639090
    BackFrontPriority=true
    smallItem=false
    rotate=[0,90]
    selectedRelativeRotation=0
    centPt=[226.0,493.5]
    translation=[0.0,0.0]
    originalPoints=[[452.0,987.0],[0.0,987.0],[0.0,0.0],[452.0,0.0]]
    placedPoints=[[452.0,987.0],[0.0,987.0],[0.0,0.0],[452.0,0.0]]

block 36
id=066644097
BackFrontPriority=true
rotate=[0,90]
score1=0.000000
score2=0.000000
boxArea=354004.000000
outline=[[658.0,0.0],[658.0,538.0],[0.0,538.0],[0.0,0.0]]
combinedCoordinates=[[658.0,538.0],[0.0,538.0],[0.0,0.0],[658.0,0.0]]
items=
  - id=066644097
    BackFrontPriority=true
    smallItem=false
    rotate=[0,90]
    selectedRelativeRotation=0
    centPt=[329.0,269.0]
    translation=[0.0,0.0]
    originalPoints=[[658.0,538.0],[0.0,538.0],[0.0,0.0],[658.0,0.0]]
    placedPoints=[[658.0,538.0],[0.0,538.0],[0.0,0.0],[658.0,0.0]]

block 37
id=066652106
BackFrontPriority=true
rotate=[0,90]
score1=0.000000
score2=0.000000
boxArea=319176.000000
outline=[[572.0,0.0],[572.0,558.0],[0.0,558.0],[0.0,0.0]]
combinedCoordinates=[[572.0,558.0],[0.0,558.0],[0.0,0.0],[572.0,0.0]]
items=
  - id=066652106
    BackFrontPriority=true
    smallItem=false
    rotate=[0,90]
    selectedRelativeRotation=0
    centPt=[286.0,279.0]
    translation=[0.0,0.0]
    originalPoints=[[572.0,558.0],[0.0,558.0],[0.0,0.0],[572.0,0.0]]
    placedPoints=[[572.0,558.0],[0.0,558.0],[0.0,0.0],[572.0,0.0]]

block 38
id=066657111
BackFrontPriority=false
rotate=[0,90]
score1=0.000000
score2=0.000000
boxArea=367164.000000
outline=[[658.0,0.0],[658.0,558.0],[0.0,558.0],[0.0,0.0]]
combinedCoordinates=[[658.0,558.0],[0.0,558.0],[0.0,0.0],[658.0,0.0]]
items=
  - id=066657111
    BackFrontPriority=false
    smallItem=false
    rotate=[0,90]
    selectedRelativeRotation=0
    centPt=[329.0,279.0]
    translation=[0.0,0.0]
    originalPoints=[[658.0,558.0],[0.0,558.0],[0.0,0.0],[658.0,0.0]]
    placedPoints=[[658.0,558.0],[0.0,558.0],[0.0,0.0],[658.0,0.0]]

block 39
id=066673129
BackFrontPriority=false
rotate=[0,90]
score1=0.000000
score2=0.000000
boxArea=367164.000000
outline=[[658.0,0.0],[658.0,558.0],[0.0,558.0],[0.0,0.0]]
combinedCoordinates=[[658.0,558.0],[0.0,558.0],[0.0,0.0],[658.0,0.0]]
items=
  - id=066673129
    BackFrontPriority=false
    smallItem=false
    rotate=[0,90]
    selectedRelativeRotation=0
    centPt=[329.0,279.0]
    translation=[0.0,0.0]
    originalPoints=[[658.0,558.0],[0.0,558.0],[0.0,0.0],[658.0,0.0]]
    placedPoints=[[658.0,558.0],[0.0,558.0],[0.0,0.0],[658.0,0.0]]

block 40
id=066562002
BackFrontPriority=true
rotate=[0,90]
score1=0.000000
score2=0.000000
boxArea=38164.000000
outline=[[658.0,0.0],[658.0,58.0],[0.0,58.0],[0.0,0.0]]
combinedCoordinates=[[658.0,58.0],[0.0,58.0],[0.0,0.0],[658.0,0.0]]
items=
  - id=066562002
    BackFrontPriority=true
    smallItem=true
    rotate=[0,90]
    selectedRelativeRotation=0
    centPt=[329.0,29.0]
    translation=[0.0,0.0]
    originalPoints=[[658.0,58.0],[0.0,58.0],[0.0,0.0],[658.0,0.0]]
    placedPoints=[[658.0,58.0],[0.0,58.0],[0.0,0.0],[658.0,0.0]]

block 41
id=066567007+066656110+066683140+066682139+066680137
BackFrontPriority=true
rotate=[0,90]
score1=68201.000000
score2=221770.000000
boxArea=790058.000000
outline=[[646.0,0.0],[646.0,658.0],[578.0,658.0],[578.0,1223.0],[20.0,1223.0],[20.0,831.0],[44.0,831.0],[44.0,743.0],[418.0,743.0],[418.0,651.0],[206.0,651.0],[206.0,563.0],[161.0,563.0],[161.0,658.0],[406.0,658.0],[406.0,736.0],[0.0,736.0],[0.0,96.0],[88.0,96.0],[88.0,0.0]]
combinedCoordinates=[[578.0,651.0],[206.0,651.0],[206.0,563.0],[578.0,563.0],[578.0,658.0],[578.0,563.0],[161.0,563.0],[161.0,658.0],[88.0,658.0],[88.0,0.0],[646.0,0.0],[646.0,658.0],[0.0,736.0],[0.0,96.0],[88.0,96.0],[88.0,658.0],[406.0,658.0],[406.0,736.0],[20.0,1223.0],[20.0,831.0],[418.0,831.0],[418.0,651.0],[578.0,651.0],[578.0,1223.0],[418.0,831.0],[44.0,831.0],[44.0,743.0],[418.0,743.0]]
items=
  - id=066567007
    BackFrontPriority=true
    smallItem=true
    rotate=[0,90]
    selectedRelativeRotation=0
    centPt=[186.0,44.0]
    translation=[206.0,563.0]
    originalPoints=[[372.0,88.0],[0.0,88.0],[0.0,0.0],[372.0,0.0]]
    placedPoints=[[578.0,651.0],[206.0,651.0],[206.0,563.0],[578.0,563.0]]
  - id=066656110
    BackFrontPriority=true
    smallItem=false
    rotate=[0,90,180,270]
    selectedRelativeRotation=90
    centPt=[329.0,279.0]
    translation=[646.0,0.0]
    originalPoints=[[658.0,68.0],[563.0,68.0],[563.0,485.0],[658.0,485.0],[658.0,558.0],[0.0,558.0],[0.0,0.0],[658.0,0.0]]
    placedPoints=[[578.0,658.0],[578.0,563.0],[161.0,563.0],[161.0,658.0],[88.0,658.0],[88.0,0.0],[646.0,0.0],[646.0,658.0]]
  - id=066683140
    BackFrontPriority=true
    smallItem=false
    rotate=[0,90,180,270]
    selectedRelativeRotation=90
    centPt=[320.0,203.0]
    translation=[406.0,96.0]
    originalPoints=[[640.0,406.0],[0.0,406.0],[0.0,318.0],[562.0,318.0],[562.0,0.0],[640.0,0.0]]
    placedPoints=[[0.0,736.0],[0.0,96.0],[88.0,96.0],[88.0,658.0],[406.0,658.0],[406.0,736.0]]
  - id=066682139
    BackFrontPriority=true
    smallItem=false
    rotate=[0,90,180,270]
    selectedRelativeRotation=90
    centPt=[286.0,279.0]
    translation=[578.0,651.0]
    originalPoints=[[572.0,558.0],[180.0,558.0],[180.0,160.0],[0.0,160.0],[0.0,0.0],[572.0,0.0]]
    placedPoints=[[20.0,1223.0],[20.0,831.0],[418.0,831.0],[418.0,651.0],[578.0,651.0],[578.0,1223.0]]
  - id=066680137
    BackFrontPriority=true
    smallItem=true
    rotate=[0,90]
    selectedRelativeRotation=0
    centPt=[187.0,44.0]
    translation=[44.0,743.0]
    originalPoints=[[374.0,88.0],[0.0,88.0],[0.0,0.0],[374.0,0.0]]
    placedPoints=[[418.0,831.0],[44.0,831.0],[44.0,743.0],[418.0,743.0]]

block 42
id=066568008+066678135
BackFrontPriority=false
rotate=[0,90]
score1=6879.000000
score2=32736.000000
boxArea=367164.000000
outline=[[558.0,0.0],[558.0,658.0],[490.0,658.0],[490.0,651.0],[118.0,651.0],[118.0,563.0],[73.0,563.0],[73.0,658.0],[0.0,658.0],[0.0,0.0]]
combinedCoordinates=[[490.0,651.0],[118.0,651.0],[118.0,563.0],[490.0,563.0],[490.0,658.0],[490.0,563.0],[73.0,563.0],[73.0,658.0],[0.0,658.0],[0.0,0.0],[558.0,0.0],[558.0,658.0]]
items=
  - id=066568008
    BackFrontPriority=false
    smallItem=true
    rotate=[0,90]
    selectedRelativeRotation=0
    centPt=[186.0,44.0]
    translation=[118.0,563.0]
    originalPoints=[[372.0,88.0],[0.0,88.0],[0.0,0.0],[372.0,0.0]]
    placedPoints=[[490.0,651.0],[118.0,651.0],[118.0,563.0],[490.0,563.0]]
  - id=066678135
    BackFrontPriority=false
    smallItem=false
    rotate=[0,90,180,270]
    selectedRelativeRotation=90
    centPt=[329.0,279.0]
    translation=[558.0,0.0]
    originalPoints=[[658.0,68.0],[563.0,68.0],[563.0,485.0],[658.0,485.0],[658.0,558.0],[0.0,558.0],[0.0,0.0],[658.0,0.0]]
    placedPoints=[[490.0,658.0],[490.0,563.0],[73.0,563.0],[73.0,658.0],[0.0,658.0],[0.0,0.0],[558.0,0.0],[558.0,658.0]]

block 43
id=066572013
BackFrontPriority=true
rotate=[0,90]
score1=0.000000
score2=0.000000
boxArea=38164.000000
outline=[[658.0,0.0],[658.0,58.0],[0.0,58.0],[0.0,0.0]]
combinedCoordinates=[[658.0,58.0],[0.0,58.0],[0.0,0.0],[658.0,0.0]]
items=
  - id=066572013
    BackFrontPriority=true
    smallItem=true
    rotate=[0,90]
    selectedRelativeRotation=0
    centPt=[329.0,29.0]
    translation=[0.0,0.0]
    originalPoints=[[658.0,58.0],[0.0,58.0],[0.0,0.0],[658.0,0.0]]
    placedPoints=[[658.0,58.0],[0.0,58.0],[0.0,0.0],[658.0,0.0]]

block 44
id=066577018
BackFrontPriority=true
rotate=[0,90]
score1=0.000000
score2=0.000000
boxArea=37136.000000
outline=[[422.0,0.0],[422.0,88.0],[0.0,88.0],[0.0,0.0]]
combinedCoordinates=[[422.0,88.0],[0.0,88.0],[0.0,0.0],[422.0,0.0]]
items=
  - id=066577018
    BackFrontPriority=true
    smallItem=true
    rotate=[0,90]
    selectedRelativeRotation=0
    centPt=[211.0,44.0]
    translation=[0.0,0.0]
    originalPoints=[[422.0,88.0],[0.0,88.0],[0.0,0.0],[422.0,0.0]]
    placedPoints=[[422.0,88.0],[0.0,88.0],[0.0,0.0],[422.0,0.0]]

block 45
id=066578019
BackFrontPriority=false
rotate=[0,90]
score1=0.000000
score2=0.000000
boxArea=28696.000000
outline=[[422.0,0.0],[422.0,68.0],[0.0,68.0],[0.0,0.0]]
combinedCoordinates=[[422.0,68.0],[0.0,68.0],[0.0,0.0],[422.0,0.0]]
items=
  - id=066578019
    BackFrontPriority=false
    smallItem=true
    rotate=[0,90]
    selectedRelativeRotation=0
    centPt=[211.0,34.0]
    translation=[0.0,0.0]
    originalPoints=[[422.0,68.0],[0.0,68.0],[0.0,0.0],[422.0,0.0]]
    placedPoints=[[422.0,68.0],[0.0,68.0],[0.0,0.0],[422.0,0.0]]

block 46
id=066583025
BackFrontPriority=true
rotate=[0,90,180,270]
score1=23201.638217
score2=0.000000
boxArea=486576.000000
outline=[[872.0,0.0],[872.0,558.0],[409.0,558.0],[409.0,414.052],[408.988,413.139],[408.817,410.405],[408.448,407.736],[407.878,405.094],[407.113,402.506],[406.154,399.979],[405.013,397.541],[403.684,395.178],[402.194,392.941],[400.536,390.815],[398.706,388.802],[396.761,386.958],[394.663,385.251],[392.451,383.71],[390.126,382.338],[387.708,381.144],[385.193,380.13],[382.635,379.316],[380.001,378.69],[377.335,378.264],[374.621,378.037],[372.955,378.0],[313.048,378.0],[312.138,378.011],[309.405,378.182],[306.736,378.551],[304.094,379.121],[301.506,379.886],[298.979,380.845],[296.541,381.986],[294.178,383.315],[291.941,384.805],[289.815,386.463],[287.802,388.293],[285.958,390.238],[284.251,392.336],[282.71,394.548],[281.338,396.873],[280.144,399.291],[279.13,401.806],[278.316,404.364],[277.69,406.998],[277.264,409.664],[277.037,412.378],[277.0,414.044],[277.0,558.0],[0.0,558.0],[0.0,0.0]]
combinedCoordinates=[[872.0,558.0],[409.0,558.0],[409.0,414.052],[408.988,413.139],[408.817,410.405],[408.448,407.736],[407.878,405.094],[407.113,402.506],[406.154,399.979],[405.013,397.541],[403.684,395.178],[402.194,392.941],[400.536,390.815],[398.706,388.802],[396.761,386.958],[394.663,385.251],[392.451,383.71],[390.126,382.338],[387.708,381.144],[385.193,380.13],[382.635,379.316],[380.001,378.69],[377.335,378.264],[374.621,378.037],[372.955,378.0],[313.048,378.0],[312.138,378.011],[309.405,378.182],[306.736,378.551],[304.094,379.121],[301.506,379.886],[298.979,380.845],[296.541,381.986],[294.178,383.315],[291.941,384.805],[289.815,386.463],[287.802,388.293],[285.958,390.238],[284.251,392.336],[282.71,394.548],[281.338,396.873],[280.144,399.291],[279.13,401.806],[278.316,404.364],[277.69,406.998],[277.264,409.664],[277.037,412.378],[277.0,414.044],[277.0,558.0],[0.0,558.0],[0.0,0.0],[872.0,0.0]]
items=
  - id=066583025
    BackFrontPriority=true
    smallItem=false
    rotate=[0,90,180,270]
    selectedRelativeRotation=0
    centPt=[436.0,279.0]
    translation=[0.0,0.0]
    originalPoints=[[872.0,558.0],[409.0,558.0],[409.0,414.052],[408.988,413.139],[408.817,410.405],[408.448,407.736],[407.878,405.094],[407.113,402.506],[406.154,399.979],[405.013,397.541],[403.684,395.178],[402.194,392.941],[400.536,390.815],[398.706,388.802],[396.761,386.958],[394.663,385.251],[392.451,383.71],[390.126,382.338],[387.708,381.144],[385.193,380.13],[382.635,379.316],[380.001,378.69],[377.335,378.264],[374.621,378.037],[372.955,378.0],[313.048,378.0],[312.138,378.011],[309.405,378.182],[306.736,378.551],[304.094,379.121],[301.506,379.886],[298.979,380.845],[296.541,381.986],[294.178,383.315],[291.941,384.805],[289.815,386.463],[287.802,388.293],[285.958,390.238],[284.251,392.336],[282.71,394.548],[281.338,396.873],[280.144,399.291],[279.13,401.806],[278.316,404.364],[277.69,406.998],[277.264,409.664],[277.037,412.378],[277.0,414.044],[277.0,558.0],[0.0,558.0],[0.0,0.0],[872.0,0.0]]
    placedPoints=[[872.0,558.0],[409.0,558.0],[409.0,414.052],[408.988,413.139],[408.817,410.405],[408.448,407.736],[407.878,405.094],[407.113,402.506],[406.154,399.979],[405.013,397.541],[403.684,395.178],[402.194,392.941],[400.536,390.815],[398.706,388.802],[396.761,386.958],[394.663,385.251],[392.451,383.71],[390.126,382.338],[387.708,381.144],[385.193,380.13],[382.635,379.316],[380.001,378.69],[377.335,378.264],[374.621,378.037],[372.955,378.0],[313.048,378.0],[312.138,378.011],[309.405,378.182],[306.736,378.551],[304.094,379.121],[301.506,379.886],[298.979,380.845],[296.541,381.986],[294.178,383.315],[291.941,384.805],[289.815,386.463],[287.802,388.293],[285.958,390.238],[284.251,392.336],[282.71,394.548],[281.338,396.873],[280.144,399.291],[279.13,401.806],[278.316,404.364],[277.69,406.998],[277.264,409.664],[277.037,412.378],[277.0,414.044],[277.0,558.0],[0.0,558.0],[0.0,0.0],[872.0,0.0]]

block 47
id=066584026
BackFrontPriority=true
rotate=[0,90]
score1=0.000000
score2=0.000000
boxArea=76736.000000
outline=[[872.0,0.0],[872.0,88.0],[0.0,88.0],[0.0,0.0]]
combinedCoordinates=[[872.0,88.0],[0.0,88.0],[0.0,0.0],[872.0,0.0]]
items=
  - id=066584026
    BackFrontPriority=true
    smallItem=true
    rotate=[0,90]
    selectedRelativeRotation=0
    centPt=[436.0,44.0]
    translation=[0.0,0.0]
    originalPoints=[[872.0,88.0],[0.0,88.0],[0.0,0.0],[872.0,0.0]]
    placedPoints=[[872.0,88.0],[0.0,88.0],[0.0,0.0],[872.0,0.0]]

block 48
id=066585027
BackFrontPriority=true
rotate=[0,90]
score1=0.000000
score2=0.000000
boxArea=76736.000000
outline=[[872.0,0.0],[872.0,88.0],[0.0,88.0],[0.0,0.0]]
combinedCoordinates=[[872.0,88.0],[0.0,88.0],[0.0,0.0],[872.0,0.0]]
items=
  - id=066585027
    BackFrontPriority=true
    smallItem=true
    rotate=[0,90]
    selectedRelativeRotation=0
    centPt=[436.0,44.0]
    translation=[0.0,0.0]
    originalPoints=[[872.0,88.0],[0.0,88.0],[0.0,0.0],[872.0,0.0]]
    placedPoints=[[872.0,88.0],[0.0,88.0],[0.0,0.0],[872.0,0.0]]

block 49
id=066592036
BackFrontPriority=true
rotate=[0,90]
score1=0.000000
score2=0.000000
boxArea=67936.000000
outline=[[772.0,0.0],[772.0,88.0],[0.0,88.0],[0.0,0.0]]
combinedCoordinates=[[772.0,88.0],[0.0,88.0],[0.0,0.0],[772.0,0.0]]
items=
  - id=066592036
    BackFrontPriority=true
    smallItem=true
    rotate=[0,90]
    selectedRelativeRotation=0
    centPt=[386.0,44.0]
    translation=[0.0,0.0]
    originalPoints=[[772.0,88.0],[0.0,88.0],[0.0,0.0],[772.0,0.0]]
    placedPoints=[[772.0,88.0],[0.0,88.0],[0.0,0.0],[772.0,0.0]]

block 50
id=066593037
BackFrontPriority=false
rotate=[0,90]
score1=0.000000
score2=0.000000
boxArea=52496.000000
outline=[[772.0,0.0],[772.0,68.0],[0.0,68.0],[0.0,0.0]]
combinedCoordinates=[[772.0,68.0],[0.0,68.0],[0.0,0.0],[772.0,0.0]]
items=
  - id=066593037
    BackFrontPriority=false
    smallItem=true
    rotate=[0,90]
    selectedRelativeRotation=0
    centPt=[386.0,34.0]
    translation=[0.0,0.0]
    originalPoints=[[772.0,68.0],[0.0,68.0],[0.0,0.0],[772.0,0.0]]
    placedPoints=[[772.0,68.0],[0.0,68.0],[0.0,0.0],[772.0,0.0]]

block 51
id=066597043
BackFrontPriority=true
rotate=[0,90]
score1=0.000000
score2=0.000000
boxArea=128064.000000
outline=[[2208.0,0.0],[2208.0,58.0],[0.0,58.0],[0.0,0.0]]
combinedCoordinates=[[2208.0,58.0],[0.0,58.0],[0.0,0.0],[2208.0,0.0]]
items=
  - id=066597043
    BackFrontPriority=true
    smallItem=true
    rotate=[0,90]
    selectedRelativeRotation=0
    centPt=[1104.0,29.0]
    translation=[0.0,0.0]
    originalPoints=[[2208.0,58.0],[0.0,58.0],[0.0,0.0],[2208.0,0.0]]
    placedPoints=[[2208.0,58.0],[0.0,58.0],[0.0,0.0],[2208.0,0.0]]

block 52
id=066600046+066646099+066674130
BackFrontPriority=true
rotate=[0,90,180,270]
score1=188753.279680
score2=57671.653421
boxArea=722994.026579
outline=[[1201.52587,0.0],[1201.52587,358.0],[814.52587,358.0],[814.52587,204.0],[814.51687,203.115],[814.37687,200.329],[814.07187,197.568],[813.60987,194.874],[812.97587,192.17],[812.18887,189.533],[811.23987,186.93],[810.14687,184.417],[808.89087,181.944],[807.49287,179.558],[805.96587,177.279],[804.29287,175.078],[802.48987,172.979],[800.58087,171.011],[798.52887,169.134],[796.39087,167.401],[794.14987,165.8],[791.80987,164.329],[789.39787,163.01],[786.89087,161.827],[784.32887,160.802],[781.71987,159.935],[779.04687,159.221],[776.32987,158.668],[773.61987,158.284],[770.85587,158.06],[768.46487,158.0],[568.56187,158.0],[567.63987,158.008],[564.85487,158.148],[562.09387,158.453],[559.39987,158.915],[556.69587,159.549],[554.05887,160.336],[551.45587,161.285],[548.94287,162.378],[546.46987,163.634],[544.08387,165.032],[541.80487,166.559],[539.60387,168.232],[537.50487,170.035],[535.53687,171.944],[533.65987,173.996],[531.92687,176.134],[530.32587,178.375],[529.47414,179.72989],[625.06013,179.72989],[1068.19414,596.67889],[1066.19114,601.72989],[529.47414,601.72989],[529.47414,179.72989],[528.85487,180.715],[527.53587,183.127],[526.35287,185.634],[525.32787,188.196],[524.46087,190.805],[523.74687,193.478],[523.19386,196.195],[522.80986,198.905],[522.58587,201.669],[522.52587,204.061],[522.52587,358.0],[314.52587,358.0],[314.52587,0.0]]
combinedCoordinates=[[1201.525865,358.0],[814.525865,358.0],[814.525865,204.0],[814.516865,203.115],[814.376865,200.329],[814.071865,197.568],[813.609865,194.874],[812.975865,192.17],[812.188865,189.533],[811.239865,186.93],[810.146865,184.417],[808.890865,181.944],[807.492865,179.558],[805.965865,177.279],[804.292865,175.078],[802.489865,172.979],[800.580865,171.011],[798.528865,169.134],[796.390865,167.401],[794.149865,165.8],[791.809865,164.329],[789.397865,163.01],[786.890865,161.827],[784.328865,160.802],[781.719865,159.935],[779.046865,159.221],[776.329865,158.668],[773.619865,158.284],[770.855865,158.06],[768.464865,158.0],[568.561865,158.0],[567.639865,158.008],[564.854865,158.148],[562.093865,158.453],[559.399865,158.915],[556.695865,159.549],[554.058865,160.336],[551.455865,161.285],[548.942865,162.378],[546.469865,163.634],[544.083865,165.032],[541.804865,166.559],[539.603865,168.232],[537.504865,170.035],[535.536865,171.944],[533.659865,173.996],[531.926865,176.134],[530.325865,178.375],[528.854865,180.715],[527.535865,183.127],[526.352865,185.634],[525.327865,188.196],[524.460865,190.805],[523.746865,193.478],[523.193865,196.195],[522.809865,198.905],[522.585865,201.669],[522.525865,204.061],[522.525865,358.0],[314.525865,358.0],[314.525865,0.0],[1201.525865,0.0],[625.060135,179.72989],[1068.194135,596.67889],[1066.191135,601.72989],[529.474135,601.72989],[529.474135,179.72989],[0.0,16.20185],[5.134,14.23085],[422.0,477.41585],[422.0,572.95085],[0.0,572.95085]]
items=
  - id=066600046
    BackFrontPriority=true
    smallItem=false
    rotate=[0,90,180,270]
    selectedRelativeRotation=0
    centPt=[443.5,179.0]
    translation=[314.525865,0.0]
    originalPoints=[[887.0,358.0],[500.0,358.0],[500.0,204.0],[499.991,203.115],[499.851,200.329],[499.546,197.568],[499.084,194.874],[498.45,192.17],[497.663,189.533],[496.714,186.93],[495.621,184.417],[494.365,181.944],[492.967,179.558],[491.44,177.279],[489.767,175.078],[487.964,172.979],[486.055,171.011],[484.003,169.134],[481.865,167.401],[479.624,165.8],[477.284,164.329],[474.872,163.01],[472.365,161.827],[469.803,160.802],[467.194,159.935],[464.521,159.221],[461.804,158.668],[459.094,158.284],[456.33,158.06],[453.939,158.0],[254.036,158.0],[253.114,158.008],[250.329,158.148],[247.568,158.453],[244.874,158.915],[242.17,159.549],[239.533,160.336],[236.93,161.285],[234.417,162.378],[231.944,163.634],[229.558,165.032],[227.279,166.559],[225.078,168.232],[222.979,170.035],[221.011,171.944],[219.134,173.996],[217.401,176.134],[215.8,178.375],[214.329,180.715],[213.01,183.127],[211.827,185.634],[210.802,188.196],[209.935,190.805],[209.221,193.478],[208.668,196.195],[208.284,198.905],[208.06,201.669],[208.0,204.061],[208.0,358.0],[0.0,358.0],[0.0,0.0],[887.0,0.0]]
    placedPoints=[[1201.525865,358.0],[814.525865,358.0],[814.525865,204.0],[814.516865,203.115],[814.376865,200.329],[814.071865,197.568],[813.609865,194.874],[812.975865,192.17],[812.188865,189.533],[811.239865,186.93],[810.146865,184.417],[808.890865,181.944],[807.492865,179.558],[805.965865,177.279],[804.292865,175.078],[802.489865,172.979],[800.580865,171.011],[798.528865,169.134],[796.390865,167.401],[794.149865,165.8],[791.809865,164.329],[789.397865,163.01],[786.890865,161.827],[784.328865,160.802],[781.719865,159.935],[779.046865,159.221],[776.329865,158.668],[773.619865,158.284],[770.855865,158.06],[768.464865,158.0],[568.561865,158.0],[567.639865,158.008],[564.854865,158.148],[562.093865,158.453],[559.399865,158.915],[556.695865,159.549],[554.058865,160.336],[551.455865,161.285],[548.942865,162.378],[546.469865,163.634],[544.083865,165.032],[541.804865,166.559],[539.603865,168.232],[537.504865,170.035],[535.536865,171.944],[533.659865,173.996],[531.926865,176.134],[530.325865,178.375],[528.854865,180.715],[527.535865,183.127],[526.352865,185.634],[525.327865,188.196],[524.460865,190.805],[523.746865,193.478],[523.193865,196.195],[522.809865,198.905],[522.585865,201.669],[522.525865,204.061],[522.525865,358.0],[314.525865,358.0],[314.525865,0.0],[1201.525865,0.0]]
  - id=066646099
    BackFrontPriority=true
    smallItem=false
    rotate=[0,90,180,270]
    selectedRelativeRotation=270
    centPt=[211.0,269.36]
    translation=[529.474135,601.72989]
    originalPoints=[[422.0,95.586],[5.051,538.72],[0.0,536.717],[0.0,0.0],[422.0,0.0]]
    placedPoints=[[625.060135,179.72989],[1068.194135,596.67889],[1066.191135,601.72989],[529.474135,601.72989],[529.474135,179.72989]]
  - id=066674130
    BackFrontPriority=true
    smallItem=false
    rotate=[0,90,180,270]
    selectedRelativeRotation=180
    centPt=[211.0,279.36]
    translation=[422.0,572.95085]
    originalPoints=[[422.0,556.749],[416.866,558.72],[0.0,95.535],[0.0,0.0],[422.0,0.0]]
    placedPoints=[[0.0,16.20185],[5.134,14.23085],[422.0,477.41585],[422.0,572.95085],[0.0,572.95085]]

block 53
id=066601047
BackFrontPriority=true
rotate=[0,90]
score1=0.000000
score2=0.000000
boxArea=56320.000000
outline=[[640.0,0.0],[640.0,88.0],[0.0,88.0],[0.0,0.0]]
combinedCoordinates=[[640.0,88.0],[0.0,88.0],[0.0,0.0],[640.0,0.0]]
items=
  - id=066601047
    BackFrontPriority=true
    smallItem=true
    rotate=[0,90]
    selectedRelativeRotation=0
    centPt=[320.0,44.0]
    translation=[0.0,0.0]
    originalPoints=[[640.0,88.0],[0.0,88.0],[0.0,0.0],[640.0,0.0]]
    placedPoints=[[640.0,88.0],[0.0,88.0],[0.0,0.0],[640.0,0.0]]

block 54
id=066602048
BackFrontPriority=true
rotate=[0,90]
score1=0.000000
score2=0.000000
boxArea=56320.000000
outline=[[640.0,0.0],[640.0,88.0],[0.0,88.0],[0.0,0.0]]
combinedCoordinates=[[640.0,88.0],[0.0,88.0],[0.0,0.0],[640.0,0.0]]
items=
  - id=066602048
    BackFrontPriority=true
    smallItem=true
    rotate=[0,90]
    selectedRelativeRotation=0
    centPt=[320.0,44.0]
    translation=[0.0,0.0]
    originalPoints=[[640.0,88.0],[0.0,88.0],[0.0,0.0],[640.0,0.0]]
    placedPoints=[[640.0,88.0],[0.0,88.0],[0.0,0.0],[640.0,0.0]]

block 55
id=066607055
BackFrontPriority=false
rotate=[0,90]
score1=0.000000
score2=0.000000
boxArea=30430.000000
outline=[[358.0,0.0],[358.0,85.0],[0.0,85.0],[0.0,0.0]]
combinedCoordinates=[[358.0,85.0],[0.0,85.0],[0.0,0.0],[358.0,0.0]]
items=
  - id=066607055
    BackFrontPriority=false
    smallItem=true
    rotate=[0,90]
    selectedRelativeRotation=0
    centPt=[179.0,42.5]
    translation=[0.0,0.0]
    originalPoints=[[358.0,85.0],[0.0,85.0],[0.0,0.0],[358.0,0.0]]
    placedPoints=[[358.0,85.0],[0.0,85.0],[0.0,0.0],[358.0,0.0]]

block 56
id=066609057
BackFrontPriority=true
rotate=[0,90]
score1=0.000000
score2=0.000000
boxArea=65120.000000
outline=[[740.0,0.0],[740.0,88.0],[0.0,88.0],[0.0,0.0]]
combinedCoordinates=[[740.0,88.0],[0.0,88.0],[0.0,0.0],[740.0,0.0]]
items=
  - id=066609057
    BackFrontPriority=true
    smallItem=true
    rotate=[0,90]
    selectedRelativeRotation=0
    centPt=[370.0,44.0]
    translation=[0.0,0.0]
    originalPoints=[[740.0,88.0],[0.0,88.0],[0.0,0.0],[740.0,0.0]]
    placedPoints=[[740.0,88.0],[0.0,88.0],[0.0,0.0],[740.0,0.0]]

block 57
id=066610058
BackFrontPriority=false
rotate=[0,90]
score1=0.000000
score2=0.000000
boxArea=20764.000000
outline=[[358.0,0.0],[358.0,58.0],[0.0,58.0],[0.0,0.0]]
combinedCoordinates=[[358.0,58.0],[0.0,58.0],[0.0,0.0],[358.0,0.0]]
items=
  - id=066610058
    BackFrontPriority=false
    smallItem=true
    rotate=[0,90]
    selectedRelativeRotation=0
    centPt=[179.0,29.0]
    translation=[0.0,0.0]
    originalPoints=[[358.0,58.0],[0.0,58.0],[0.0,0.0],[358.0,0.0]]
    placedPoints=[[358.0,58.0],[0.0,58.0],[0.0,0.0],[358.0,0.0]]

block 58
id=066618067
BackFrontPriority=false
rotate=[0,90]
score1=0.000000
score2=0.000000
boxArea=104284.000000
outline=[[1798.0,0.0],[1798.0,58.0],[0.0,58.0],[0.0,0.0]]
combinedCoordinates=[[1798.0,58.0],[0.0,58.0],[0.0,0.0],[1798.0,0.0]]
items=
  - id=066618067
    BackFrontPriority=false
    smallItem=true
    rotate=[0,90]
    selectedRelativeRotation=0
    centPt=[899.0,29.0]
    translation=[0.0,0.0]
    originalPoints=[[1798.0,58.0],[0.0,58.0],[0.0,0.0],[1798.0,0.0]]
    placedPoints=[[1798.0,58.0],[0.0,58.0],[0.0,0.0],[1798.0,0.0]]

block 59
id=066620069
BackFrontPriority=false
rotate=[0,90]
score1=0.000000
score2=0.000000
boxArea=85144.000000
outline=[[1468.0,0.0],[1468.0,58.0],[0.0,58.0],[0.0,0.0]]
combinedCoordinates=[[1468.0,58.0],[0.0,58.0],[0.0,0.0],[1468.0,0.0]]
items=
  - id=066620069
    BackFrontPriority=false
    smallItem=true
    rotate=[0,90]
    selectedRelativeRotation=0
    centPt=[734.0,29.0]
    translation=[0.0,0.0]
    originalPoints=[[1468.0,58.0],[0.0,58.0],[0.0,0.0],[1468.0,0.0]]
    placedPoints=[[1468.0,58.0],[0.0,58.0],[0.0,0.0],[1468.0,0.0]]

block 60
id=066627076
BackFrontPriority=true
rotate=[0,90]
score1=0.000000
score2=0.000000
boxArea=61776.000000
outline=[[572.0,0.0],[572.0,108.0],[0.0,108.0],[0.0,0.0]]
combinedCoordinates=[[572.0,108.0],[0.0,108.0],[0.0,0.0],[572.0,0.0]]
items=
  - id=066627076
    BackFrontPriority=true
    smallItem=true
    rotate=[0,90]
    selectedRelativeRotation=0
    centPt=[286.0,54.0]
    translation=[0.0,0.0]
    originalPoints=[[572.0,108.0],[0.0,108.0],[0.0,0.0],[572.0,0.0]]
    placedPoints=[[572.0,108.0],[0.0,108.0],[0.0,0.0],[572.0,0.0]]

block 61
id=066643096
BackFrontPriority=false
rotate=[0,90]
score1=0.000000
score2=0.000000
boxArea=38164.000000
outline=[[658.0,0.0],[658.0,58.0],[0.0,58.0],[0.0,0.0]]
combinedCoordinates=[[658.0,58.0],[0.0,58.0],[0.0,0.0],[658.0,0.0]]
items=
  - id=066643096
    BackFrontPriority=false
    smallItem=true
    rotate=[0,90]
    selectedRelativeRotation=0
    centPt=[329.0,29.0]
    translation=[0.0,0.0]
    originalPoints=[[658.0,58.0],[0.0,58.0],[0.0,0.0],[658.0,0.0]]
    placedPoints=[[658.0,58.0],[0.0,58.0],[0.0,0.0],[658.0,0.0]]

block 62
id=066645098
BackFrontPriority=false
rotate=[0,90]
score1=0.000000
score2=0.000000
boxArea=64484.000000
outline=[[658.0,0.0],[658.0,98.0],[0.0,98.0],[0.0,0.0]]
combinedCoordinates=[[658.0,98.0],[0.0,98.0],[0.0,0.0],[658.0,0.0]]
items=
  - id=066645098
    BackFrontPriority=false
    smallItem=true
    rotate=[0,90]
    selectedRelativeRotation=0
    centPt=[329.0,49.0]
    translation=[0.0,0.0]
    originalPoints=[[658.0,98.0],[0.0,98.0],[0.0,0.0],[658.0,0.0]]
    placedPoints=[[658.0,98.0],[0.0,98.0],[0.0,0.0],[658.0,0.0]]

block 63
id=066647100
BackFrontPriority=false
rotate=[0,90]
score1=0.000000
score2=0.000000
boxArea=37136.000000
outline=[[422.0,0.0],[422.0,88.0],[0.0,88.0],[0.0,0.0]]
combinedCoordinates=[[422.0,88.0],[0.0,88.0],[0.0,0.0],[422.0,0.0]]
items=
  - id=066647100
    BackFrontPriority=false
    smallItem=true
    rotate=[0,90]
    selectedRelativeRotation=0
    centPt=[211.0,44.0]
    translation=[0.0,0.0]
    originalPoints=[[422.0,88.0],[0.0,88.0],[0.0,0.0],[422.0,0.0]]
    placedPoints=[[422.0,88.0],[0.0,88.0],[0.0,0.0],[422.0,0.0]]

block 64
id=066650104
BackFrontPriority=false
rotate=[0,90]
score1=0.000000
score2=0.000000
boxArea=27260.000000
outline=[[470.0,0.0],[470.0,58.0],[0.0,58.0],[0.0,0.0]]
combinedCoordinates=[[470.0,58.0],[0.0,58.0],[0.0,0.0],[470.0,0.0]]
items=
  - id=066650104
    BackFrontPriority=false
    smallItem=true
    rotate=[0,90]
    selectedRelativeRotation=0
    centPt=[235.0,29.0]
    translation=[0.0,0.0]
    originalPoints=[[470.0,58.0],[0.0,58.0],[0.0,0.0],[470.0,0.0]]
    placedPoints=[[470.0,58.0],[0.0,58.0],[0.0,0.0],[470.0,0.0]]

block 65
id=066651105
BackFrontPriority=false
rotate=[0,90]
score1=0.000000
score2=0.000000
boxArea=34510.000000
outline=[[595.0,0.0],[595.0,58.0],[0.0,58.0],[0.0,0.0]]
combinedCoordinates=[[595.0,58.0],[0.0,58.0],[0.0,0.0],[595.0,0.0]]
items=
  - id=066651105
    BackFrontPriority=false
    smallItem=true
    rotate=[0,90]
    selectedRelativeRotation=0
    centPt=[297.5,29.0]
    translation=[0.0,0.0]
    originalPoints=[[595.0,58.0],[0.0,58.0],[0.0,0.0],[595.0,0.0]]
    placedPoints=[[595.0,58.0],[0.0,58.0],[0.0,0.0],[595.0,0.0]]

block 66
id=066654108
BackFrontPriority=true
rotate=[0,90]
score1=0.000000
score2=0.000000
boxArea=50336.000000
outline=[[572.0,0.0],[572.0,88.0],[0.0,88.0],[0.0,0.0]]
combinedCoordinates=[[572.0,88.0],[0.0,88.0],[0.0,0.0],[572.0,0.0]]
items=
  - id=066654108
    BackFrontPriority=true
    smallItem=true
    rotate=[0,90]
    selectedRelativeRotation=0
    centPt=[286.0,44.0]
    translation=[0.0,0.0]
    originalPoints=[[572.0,88.0],[0.0,88.0],[0.0,0.0],[572.0,0.0]]
    placedPoints=[[572.0,88.0],[0.0,88.0],[0.0,0.0],[572.0,0.0]]

block 67
id=066655109
BackFrontPriority=false
rotate=[0,90]
score1=0.000000
score2=0.000000
boxArea=38896.000000
outline=[[572.0,0.0],[572.0,68.0],[0.0,68.0],[0.0,0.0]]
combinedCoordinates=[[572.0,68.0],[0.0,68.0],[0.0,0.0],[572.0,0.0]]
items=
  - id=066655109
    BackFrontPriority=false
    smallItem=true
    rotate=[0,90]
    selectedRelativeRotation=0
    centPt=[286.0,34.0]
    translation=[0.0,0.0]
    originalPoints=[[572.0,68.0],[0.0,68.0],[0.0,0.0],[572.0,0.0]]
    placedPoints=[[572.0,68.0],[0.0,68.0],[0.0,0.0],[572.0,0.0]]

block 68
id=066658112
BackFrontPriority=true
rotate=[0,90]
score1=0.000000
score2=0.000000
boxArea=76704.000000
outline=[[408.0,0.0],[408.0,188.0],[0.0,188.0],[0.0,0.0]]
combinedCoordinates=[[408.0,188.0],[0.0,188.0],[0.0,0.0],[408.0,0.0]]
items=
  - id=066658112
    BackFrontPriority=true
    smallItem=true
    rotate=[0,90]
    selectedRelativeRotation=0
    centPt=[204.0,94.0]
    translation=[0.0,0.0]
    originalPoints=[[408.0,188.0],[0.0,188.0],[0.0,0.0],[408.0,0.0]]
    placedPoints=[[408.0,188.0],[0.0,188.0],[0.0,0.0],[408.0,0.0]]

block 69
id=066659113
BackFrontPriority=true
rotate=[0,90]
score1=0.000000
score2=0.000000
boxArea=76704.000000
outline=[[408.0,0.0],[408.0,188.0],[0.0,188.0],[0.0,0.0]]
combinedCoordinates=[[408.0,188.0],[0.0,188.0],[0.0,0.0],[408.0,0.0]]
items=
  - id=066659113
    BackFrontPriority=true
    smallItem=true
    rotate=[0,90]
    selectedRelativeRotation=0
    centPt=[204.0,94.0]
    translation=[0.0,0.0]
    originalPoints=[[408.0,188.0],[0.0,188.0],[0.0,0.0],[408.0,0.0]]
    placedPoints=[[408.0,188.0],[0.0,188.0],[0.0,0.0],[408.0,0.0]]

block 70
id=066660114
BackFrontPriority=true
rotate=[0,90]
score1=0.000000
score2=0.000000
boxArea=95880.000000
outline=[[510.0,0.0],[510.0,188.0],[0.0,188.0],[0.0,0.0]]
combinedCoordinates=[[510.0,188.0],[0.0,188.0],[0.0,0.0],[510.0,0.0]]
items=
  - id=066660114
    BackFrontPriority=true
    smallItem=true
    rotate=[0,90]
    selectedRelativeRotation=0
    centPt=[255.0,94.0]
    translation=[0.0,0.0]
    originalPoints=[[510.0,188.0],[0.0,188.0],[0.0,0.0],[510.0,0.0]]
    placedPoints=[[510.0,188.0],[0.0,188.0],[0.0,0.0],[510.0,0.0]]

block 71
id=066661115
BackFrontPriority=true
rotate=[0,90]
score1=0.000000
score2=0.000000
boxArea=95880.000000
outline=[[510.0,0.0],[510.0,188.0],[0.0,188.0],[0.0,0.0]]
combinedCoordinates=[[510.0,188.0],[0.0,188.0],[0.0,0.0],[510.0,0.0]]
items=
  - id=066661115
    BackFrontPriority=true
    smallItem=true
    rotate=[0,90]
    selectedRelativeRotation=0
    centPt=[255.0,94.0]
    translation=[0.0,0.0]
    originalPoints=[[510.0,188.0],[0.0,188.0],[0.0,0.0],[510.0,0.0]]
    placedPoints=[[510.0,188.0],[0.0,188.0],[0.0,0.0],[510.0,0.0]]

block 72
id=066664119
BackFrontPriority=true
rotate=[0,90]
score1=0.000000
score2=0.000000
boxArea=76704.000000
outline=[[408.0,0.0],[408.0,188.0],[0.0,188.0],[0.0,0.0]]
combinedCoordinates=[[408.0,188.0],[0.0,188.0],[0.0,0.0],[408.0,0.0]]
items=
  - id=066664119
    BackFrontPriority=true
    smallItem=true
    rotate=[0,90]
    selectedRelativeRotation=0
    centPt=[204.0,94.0]
    translation=[0.0,0.0]
    originalPoints=[[408.0,188.0],[0.0,188.0],[0.0,0.0],[408.0,0.0]]
    placedPoints=[[408.0,188.0],[0.0,188.0],[0.0,0.0],[408.0,0.0]]

block 73
id=066665120
BackFrontPriority=true
rotate=[0,90]
score1=0.000000
score2=0.000000
boxArea=76704.000000
outline=[[408.0,0.0],[408.0,188.0],[0.0,188.0],[0.0,0.0]]
combinedCoordinates=[[408.0,188.0],[0.0,188.0],[0.0,0.0],[408.0,0.0]]
items=
  - id=066665120
    BackFrontPriority=true
    smallItem=true
    rotate=[0,90]
    selectedRelativeRotation=0
    centPt=[204.0,94.0]
    translation=[0.0,0.0]
    originalPoints=[[408.0,188.0],[0.0,188.0],[0.0,0.0],[408.0,0.0]]
    placedPoints=[[408.0,188.0],[0.0,188.0],[0.0,0.0],[408.0,0.0]]

block 74
id=066666121
BackFrontPriority=true
rotate=[0,90]
score1=0.000000
score2=0.000000
boxArea=95880.000000
outline=[[510.0,0.0],[510.0,188.0],[0.0,188.0],[0.0,0.0]]
combinedCoordinates=[[510.0,188.0],[0.0,188.0],[0.0,0.0],[510.0,0.0]]
items=
  - id=066666121
    BackFrontPriority=true
    smallItem=true
    rotate=[0,90]
    selectedRelativeRotation=0
    centPt=[255.0,94.0]
    translation=[0.0,0.0]
    originalPoints=[[510.0,188.0],[0.0,188.0],[0.0,0.0],[510.0,0.0]]
    placedPoints=[[510.0,188.0],[0.0,188.0],[0.0,0.0],[510.0,0.0]]

block 75
id=066667122
BackFrontPriority=true
rotate=[0,90]
score1=0.000000
score2=0.000000
boxArea=95880.000000
outline=[[510.0,0.0],[510.0,188.0],[0.0,188.0],[0.0,0.0]]
combinedCoordinates=[[510.0,188.0],[0.0,188.0],[0.0,0.0],[510.0,0.0]]
items=
  - id=066667122
    BackFrontPriority=true
    smallItem=true
    rotate=[0,90]
    selectedRelativeRotation=0
    centPt=[255.0,94.0]
    translation=[0.0,0.0]
    originalPoints=[[510.0,188.0],[0.0,188.0],[0.0,0.0],[510.0,0.0]]
    placedPoints=[[510.0,188.0],[0.0,188.0],[0.0,0.0],[510.0,0.0]]

block 76
id=066671127
BackFrontPriority=false
rotate=[0,90]
score1=0.000000
score2=0.000000
boxArea=38164.000000
outline=[[658.0,0.0],[658.0,58.0],[0.0,58.0],[0.0,0.0]]
combinedCoordinates=[[658.0,58.0],[0.0,58.0],[0.0,0.0],[658.0,0.0]]
items=
  - id=066671127
    BackFrontPriority=false
    smallItem=true
    rotate=[0,90]
    selectedRelativeRotation=0
    centPt=[329.0,29.0]
    translation=[0.0,0.0]
    originalPoints=[[658.0,58.0],[0.0,58.0],[0.0,0.0],[658.0,0.0]]
    placedPoints=[[658.0,58.0],[0.0,58.0],[0.0,0.0],[658.0,0.0]]

block 77
id=066672128
BackFrontPriority=true
rotate=[0,90]
score1=0.000000
score2=0.000000
boxArea=64484.000000
outline=[[658.0,0.0],[658.0,98.0],[0.0,98.0],[0.0,0.0]]
combinedCoordinates=[[658.0,98.0],[0.0,98.0],[0.0,0.0],[658.0,0.0]]
items=
  - id=066672128
    BackFrontPriority=true
    smallItem=true
    rotate=[0,90]
    selectedRelativeRotation=0
    centPt=[329.0,49.0]
    translation=[0.0,0.0]
    originalPoints=[[658.0,98.0],[0.0,98.0],[0.0,0.0],[658.0,0.0]]
    placedPoints=[[658.0,98.0],[0.0,98.0],[0.0,0.0],[658.0,0.0]]

block 78
id=066675131
BackFrontPriority=false
rotate=[0,90]
score1=0.000000
score2=0.000000
boxArea=37136.000000
outline=[[422.0,0.0],[422.0,88.0],[0.0,88.0],[0.0,0.0]]
combinedCoordinates=[[422.0,88.0],[0.0,88.0],[0.0,0.0],[422.0,0.0]]
items=
  - id=066675131
    BackFrontPriority=false
    smallItem=true
    rotate=[0,90]
    selectedRelativeRotation=0
    centPt=[211.0,44.0]
    translation=[0.0,0.0]
    originalPoints=[[422.0,88.0],[0.0,88.0],[0.0,0.0],[422.0,0.0]]
    placedPoints=[[422.0,88.0],[0.0,88.0],[0.0,0.0],[422.0,0.0]]

block 79
id=066677134
BackFrontPriority=true
rotate=[0,90]
score1=0.000000
score2=0.000000
boxArea=105280.000000
outline=[[658.0,0.0],[658.0,160.0],[0.0,160.0],[0.0,0.0]]
combinedCoordinates=[[658.0,160.0],[0.0,160.0],[0.0,0.0],[658.0,0.0]]
items=
  - id=066677134
    BackFrontPriority=true
    smallItem=true
    rotate=[0,90]
    selectedRelativeRotation=0
    centPt=[329.0,80.0]
    translation=[0.0,0.0]
    originalPoints=[[658.0,160.0],[0.0,160.0],[0.0,0.0],[658.0,0.0]]
    placedPoints=[[658.0,160.0],[0.0,160.0],[0.0,0.0],[658.0,0.0]]

block 80
id=066681138
BackFrontPriority=false
rotate=[0,90]
score1=0.000000
score2=0.000000
boxArea=38896.000000
outline=[[572.0,0.0],[572.0,68.0],[0.0,68.0],[0.0,0.0]]
combinedCoordinates=[[572.0,68.0],[0.0,68.0],[0.0,0.0],[572.0,0.0]]
items=
  - id=066681138
    BackFrontPriority=false
    smallItem=true
    rotate=[0,90]
    selectedRelativeRotation=0
    centPt=[286.0,34.0]
    translation=[0.0,0.0]
    originalPoints=[[572.0,68.0],[0.0,68.0],[0.0,0.0],[572.0,0.0]]
    placedPoints=[[572.0,68.0],[0.0,68.0],[0.0,0.0],[572.0,0.0]]

block 81
id=066684141
BackFrontPriority=true
rotate=[0,90]
score1=0.000000
score2=0.000000
boxArea=131840.000000
outline=[[640.0,0.0],[640.0,206.0],[0.0,206.0],[0.0,0.0]]
combinedCoordinates=[[640.0,206.0],[0.0,206.0],[0.0,0.0],[640.0,0.0]]
items=
  - id=066684141
    BackFrontPriority=true
    smallItem=true
    rotate=[0,90]
    selectedRelativeRotation=0
    centPt=[320.0,103.0]
    translation=[0.0,0.0]
    originalPoints=[[640.0,206.0],[0.0,206.0],[0.0,0.0],[640.0,0.0]]
    placedPoints=[[640.0,206.0],[0.0,206.0],[0.0,0.0],[640.0,0.0]]
