Container length: 24400
Container width: 12200
Boxes Volume: 2.893417E8
Container Volume: 297680000
Utilization: 97.19890486428379

Packed Boxes: 18
format: x y length width
0 0  5830 5140
20320 0  4080 9000
0 9210  10230 2990
12000 9210  12400 2990
0 6420  9000 2790
9850 0  10470 2990
0 5140  5540 1190
5830 0  1400 5750
18730 2990  1590 6050
7230 0  1190 5540
8420 0  1400 5750
12900 2990  5830 5140
13180 8200  5550 1010
10230 3200  1580 9000
5540 5750  1390 580
9000 6120  580 3090
9580 6320  580 2890
11890 2990  1010 5550

numOfBlemishes: 0
