Container length: 24400
Container width: 12200
Boxes Volume: 2.917207E8
Container Volume: 297680000
Utilization: 97.99808519215264

Packed Boxes: 23
format: x y length width
0 0  6050 1590
0 11010  5540 1190
0 3260  4590 7750
0 1590  6050 1590
5540 8120  9000 4080
4590 7920  580 3090
6050 0  5830 5140
4590 3180  1300 4500
5890 5180  8172 2940
11880 0  5830 5140
14540 9260  4062 2940
14540 7960  4500 1300
17710 0  5540 1150
14062 5220  5642 2740
18602 9460  5642 2740
17710 1150  5540 1190
17710 2340  5540 1190
17710 3530  5540 1350
19040 8380  5140 1080
23250 0  1150 5540
19704 7240  4500 1140
19704 4880  3488 960
19704 5940  4500 1300

numOfBlemishes: 0
