Container length: 24400
Container width: 12200
Boxes Volume: 2.87291571E8
Container Volume: 297680000
Utilization: 96.51020256651438

Packed Boxes: 16
format: x y length width
0 0  22480 880
4670 11120  19730 1080
0 7120  4280 5080
22700 0  1700 5180
0 880  17680 3680
8920 10540  15480 580
9280 9460  15120 1080
17748 880  4952 3085
5180 8580  19220 880
4670 8000  19730 580
6420 7120  17980 880
0 4560  18080 580
1920 6240  22480 880
0 5140  22170 1080
4280 9570  4300 1550
18120 3965  4580 1080

numOfBlemishes: 0
