Container length: 24400
Container width: 12200
Boxes Volume: 2.888914E8
Container Volume: 297680000
Utilization: 97.04763504434291

Packed Boxes: 20
format: x y length width
0 0  7580 3580
20680 8835  3720 3365
0 10320  5100 1880
20320 0  4080 1880
0 8440  4080 1880
20820 1880  3580 6580
0 3580  7580 3580
15100 5620  5580 6580
0 7760  5720 680
13740 0  6580 5580
0 7180  6580 580
5100 8620  850 3580
5950 8620  7580 3580
7580 0  5950 580
7580 580  580 6580
8160 580  5580 6580
14120 5620  980 6580
5720 7940  7720 680
13540 7500  580 4700
6580 7260  5720 680

numOfBlemishes: 0
