Container length: 24400
Container width: 12200
Boxes Volume: 2.923472E8
Container Volume: 297680000
Utilization: 98.20854608976082

Packed Boxes: 16
format: x y length width
0 0  5670 4710
22820 0  1580 6110
0 6490  5170 5710
16690 11520  7710 680
16690 6340  7710 5180
16710 0  6110 5670
0 4710  7710 1080
5170 6490  5180 5710
5670 0  7710 1080
0 5810  7710 680
5670 1080  2110 3370
15920 5670  6900 580
13730 0  2980 5670
10480 6530  6210 5670
7780 1080  5670 4710
7710 5810  7710 680

numOfBlemishes: 0
