Container length: 24400
Container width: 12200
Boxes Volume: 2.9639985E8
Container Volume: 297680000
Utilization: 99.56995767266864

Packed Boxes: 19
format: x y length width
0 0  7080 3580
17320 0  7080 3580
17320 8620  7080 3580
0 8620  7080 3580
0 3580  7080 3580
21030 3580  3370 1710
7080 0  1080 8810
8160 0  5695 8810
13855 0  3430 8080
7080 8810  10170 3380
17285 5290  3430 2210
20715 5290  3670 2210
0 7160  2710 1080
17285 7500  7110 1080
17285 3580  3580 630
2710 7160  4210 1080
17285 4210  3710 1080
0 8240  7080 380
13855 8080  3430 680

numOfBlemishes: 0
