Container length: 24400
Container width: 12200
Boxes Volume: 2.881309E8
Container Volume: 297680000
Utilization: 96.7921593657619

Packed Boxes: 21
format: x y length width
0 0  8720 4980
15680 0  8720 4980
15680 7300  8720 4900
0 7300  8720 4900
8720 0  4620 8720
13340 0  2120 5020
13340 5020  3500 1150
8720 8720  4140 1150
0 4980  8720 680
16840 4980  3500 1150
8720 9870  4140 1150
0 5660  4400 870
13340 6170  780 5250
14120 6170  3980 1080
20340 4980  3980 1360
14120 7250  780 3920
4400 5660  3980 1360
18100 6340  5250 785
8720 11020  4140 1150
14900 7250  765 4890
0 6530  3920 680

numOfBlemishes: 0
