Container length: 24400
Container width: 12200
Boxes Volume: 1.7342008E8
Container Volume: 297680000
Utilization: 58.25721580220371

Packed Boxes: 19
format: x y length width
0 0  5642 2740
18758 9460  5642 2740
0 9510  5640 2690
18760 0  5640 2690
0 8430  11450 1080
20338 2690  4062 2940
0 2740  4062 2940
20338 6520  4062 2940
0 7350  5140 1080
0 6270  5140 1080
14698 0  4062 2940
5640 11120  5140 1080
5642 0  4500 1140
14258 11060  4500 1140
5640 9980  4500 1140
19198 2690  1140 4500
5642 1140  4500 1100
14258 9960  4500 1100
4062 2740  4500 1100

numOfBlemishes: 0
