Container length: 24400
Container width: 12200
Boxes Volume: 2.904887E8
Container Volume: 297680000
Utilization: 97.5842179521634

Packed Boxes: 16
format: x y length width
0 0  3075 6590
19820 0  4580 2280
18680 6625  5720 5575
0 6620  5720 5580
23120 2280  1280 4250
3075 0  3660 1480
15200 2280  7920 3875
3075 1480  1480 5080
15240 0  4580 2280
5720 6625  5720 5575
12960 6625  5720 5575
4555 1480  5880 5080
6735 0  5080 1480
12125 0  3075 6590
11480 7120  1480 5080
10435 1480  1480 5080

numOfBlemishes: 0
