Container length: 24400
Container width: 12200
Boxes Volume: 2.957352E8
Container Volume: 297680000
Utilization: 99.34668099973126

Packed Boxes: 17
format: x y length width
0 0  920 7690
0 8000  3580 4200
920 0  11280 1660
920 1660  10560 690
920 2350  6640 5580
3580 11520  9390 680
3580 7940  10390 3580
7560 2350  8790 5580
12200 0  11280 1660
12970 11520  5710 680
11480 1660  10560 690
13970 7940  10390 3580
18680 11520  5720 680
16350 2350  5750 5580
23480 0  920 7690
22100 1660  680 5750
22780 1660  680 5710

numOfBlemishes: 0
