Container length: 24400
Container width: 12200
Boxes Volume: 2.907126E8
Container Volume: 297680000
Utilization: 97.65943294813223

Packed Boxes: 19
format: x y length width
0 0  5090 4180
20370 0  4030 3580
20070 8770  4330 3430
0 8510  2760 3690
2760 7020  5710 5180
18690 3600  5710 5170
0 4820  2760 3690
12670 0  7700 3030
0 4180  9080 630
12560 8870  7510 3330
5090 0  7510 3330
2760 4810  6410 1080
2760 5940  6110 1080
5090 3330  7710 680
8470 7345  4000 4855
13600 3030  5090 4180
12580 7290  6110 1580
9170 4010  1580 3080
10750 4010  2830 2700

numOfBlemishes: 0
