Container length: 24400
Container width: 12200
Boxes Volume: 2.9534385E8
Container Volume: 297680000
Utilization: 99.21521432410643

Packed Boxes: 18
format: x y length width
0 0  7080 3580
17320 0  7080 3580
17320 8620  7080 3580
0 8620  7080 3580
0 3580  7080 3580
19230 3580  5170 4330
0 7940  3580 680
15690 7940  8710 680
0 7260  8510 680
7080 0  10180 1080
7080 8820  1580 3380
15410 8630  1910 3570
3580 7940  12060 680
7080 1080  9270 6170
16440 1080  880 6080
8660 8630  6745 3570
17320 3580  1910 3570
8520 7260  10710 680

numOfBlemishes: 0
