Container length: 24400
Container width: 12200
Boxes Volume: 2.8802798E8
Container Volume: 297680000
Utilization: 96.75758532652513

Packed Boxes: 20
format: x y length width
0 0  4062 2940
16228 0  8172 2940
2020 11110  22380 1090
0 6150  1590 6050
16228 8170  8172 2940
1590 8370  5642 2740
16228 2940  8172 2940
0 2940  8172 2940
12000 7090  12400 1080
4062 0  8172 2940
12950 6010  11450 1080
1590 7290  5140 1080
1590 5990  4500 1300
13538 0  2690 5640
7232 8170  8172 2940
6730 6870  4500 1300
12238 0  1300 4500
8172 2940  4062 2940
6090 5910  3378 960
9468 5910  3378 960

numOfBlemishes: 0
