Container length: 24400
Container width: 12200
Boxes Volume: 1.7671784E8
Container Volume: 297680000
Utilization: 59.36503628056973

Packed Boxes: 21
format: x y length width
0 0  5642 2740
18758 9460  5642 2740
0 9460  5642 2740
18758 0  5642 2740
0 2740  5640 2690
12950 2740  11450 1080
20338 6520  4062 2940
0 6520  4062 2940
19260 3820  5140 1080
19260 4900  5140 1080
0 5430  5140 1080
14258 11060  4500 1140
5642 0  4500 1140
5642 11060  4500 1140
14258 0  4500 1140
14258 9960  4500 1100
5642 1140  4500 1100
5642 9960  4500 1100
14258 1140  4500 1100
16960 8500  3378 960
4062 8500  3378 960

numOfBlemishes: 0
