Container length: 24400
Container width: 12200
Boxes Volume: 2.9268E8
Container Volume: 297680000
Utilization: 98.32034399355011

Packed Boxes: 16
format: x y length width
0 0  7580 3580
0 11320  6400 880
0 10740  14680 580
0 4160  5580 6580
0 3580  22080 580
6400 11620  17980 580
5580 4160  980 6580
7580 0  7580 3580
6560 4160  5580 6580
12140 4280  12230 6460
15160 0  3720 3580
14680 10770  3580 850
18260 10740  5720 880
18880 0  3720 3580
22600 0  880 4220
23480 0  880 4220

numOfBlemishes: 0
