Container length: 24400
Container width: 12200
Boxes Volume: 2.968716E8
Container Volume: 297680000
Utilization: 99.72843321687718

Packed Boxes: 17
format: x y length width
0 0  7080 3580
17320 0  7080 3580
17320 8620  7080 3580
0 8620  7080 3580
0 3580  7080 3580
7080 0  8080 3430
7080 3430  10180 4310
7080 7740  10170 3380
17260 3580  7080 3580
7080 11120  10180 1080
17260 7160  7110 1080
0 7160  3710 1080
15160 0  1580 3380
3710 7160  3210 1080
17250 8240  7080 380
0 8240  7080 380
16740 0  580 3380

numOfBlemishes: 0
