Container length: 24400
Container width: 12200
Boxes Volume: 2.953103E8
Container Volume: 297680000
Utilization: 99.20394383230315

Packed Boxes: 18
format: x y length width
0 0  5090 4180
19310 0  5090 4180
21190 5980  3210 6220
0 11120  7710 1080
0 5940  5710 5180
13480 7020  7710 5180
0 4180  10710 680
16320 4180  8080 1080
0 4860  7710 1080
5090 0  5270 4180
16650 0  2660 4020
16000 5260  8400 680
5710 5940  7710 5180
7710 11120  5710 1080
10420 0  6230 3750
13480 5940  7710 1080
10710 3750  5610 1080
7710 4860  7710 1080

numOfBlemishes: 0
