Container length: 24400
Container width: 12200
Boxes Volume: 2.943721E8
Container Volume: 297680000
Utilization: 98.8887731792529

Packed Boxes: 25
format: x y length width
0 0  1080 7710
0 11120  7710 1080
1080 0  6200 4740
0 10040  8810 1080
0 8960  9910 1080
0 7880  7710 1080
1080 4850  7700 3030
7280 0  5710 3750
7710 11120  10180 1080
8810 10040  7710 1080
7710 7880  7710 1080
7280 3750  6110 1080
9910 8960  8610 1080
12990 0  5670 3710
8780 4850  7700 3030
13390 3710  4710 1080
16520 10040  7710 1080
17890 11120  6230 1080
18660 0  3570 4210
15420 7880  7710 1080
18520 8960  5810 1080
16480 4900  5670 2980
22230 0  1080 7710
18100 4210  4010 680
23310 0  1080 8710

numOfBlemishes: 0
