Container length: 24400
Container width: 12200
Boxes Volume: 2.924926E8
Container Volume: 297680000
Utilization: 98.25739048642838

Packed Boxes: 27
format: x y length width
0 0  5090 4180
0 7020  7710 5180
0 4180  3370 2110
5090 0  5090 4180
0 6340  8400 680
3370 4180  8010 1580
7710 8620  5710 3580
3370 5760  6900 580
10180 0  3580 4030
7710 7540  7510 1080
7710 7160  7080 380
13420 8630  5610 3570
8400 6480  10710 680
13760 0  4740 4200
11380 4200  3430 2210
18500 0  4330 3430
15220 7950  7710 680
14810 4200  3430 2210
19030 8630  3210 3570
15220 7220  9080 730
18500 3430  4200 3030
22240 8990  1080 3210
22830 0  680 7080
23320 7990  1080 4210
23510 0  880 3880
19110 6540  3710 680
23510 3880  880 3180

numOfBlemishes: 0
