Container length: 24400
Container width: 12200
Boxes Volume: 2.934277E8
Container Volume: 297680000
Utilization: 98.57151975275464

Packed Boxes: 17
format: x y length width
0 0  7710 5670
0 7450  16830 4750
0 6370  7510 1080
0 5670  7710 680
7710 0  7710 5670
7510 6370  5810 1080
7710 5670  7710 680
15420 0  5710 5170
16830 7870  3430 4330
13320 6770  3430 680
20260 6590  1080 5610
15420 5170  5710 1080
21130 0  3210 6220
16830 6290  3380 1580
21340 6800  680 5400
22020 9370  2100 2830
22020 6290  2380 3080

numOfBlemishes: 0
