BatchNo,UPI,Qty,Color,Length,Width,IsSpecial,Rotatable
Closet3,30120411048,1,1,2308.0000,328.0000,0,0
Closet3,30120411049,1,0,2308.0000,328.0000,0,0
Closet3,30120411050,1,1,872.0000,326.0000,0,0
Closet3,30120411051,1,1,872.0000,326.0000,0,0
Closet3,30120411059,1,1,540.4000,470.0000,0,0
Closet3,30120411060,1,1,872.0000,326.0000,0,0
Closet3,30120411061,1,1,872.0000,326.0000,0,0
Closet3,30120411062,1,1,872.0000,326.0000,0,0
Closet3,30120411063,1,1,540.4000,470.0000,0,0
Closet3,30120411066,1,1,540.3000,470.0000,0,0
Closet3,30120411067,1,1,540.4000,470.0000,0,0
Closet3,30120411070,1,0,2228.0000,208.0000,0,0
Closet3,30120411072,1,0,2224.5000,425.0000,0,0
Closet3,30120411074,1,1,2308.0000,328.0000,0,0
Closet3,30120411075,1,0,2393.0000,328.0000,0,0
Closet3,30120411076,1,1,1572.0000,327.0000,0,0
Closet3,30120411077,1,1,1572.0000,327.0000,0,0
Closet3,30120411082,1,1,781.0000,324.5000,0,0
Closet3,30120411083,1,1,1572.0000,326.5000,0,0
Closet3,30120411084,1,1,781.0000,324.5000,0,0
Closet3,30120411085,1,1,792.0000,325.5000,0,0
Closet3,30120411102,1,0,781.0000,296.5000,0,0
Closet3,30120411103,1,0,781.0000,296.5000,0,0
Closet3,30120411104,1,0,781.0000,283.5000,0,0
Closet3,30120411105,1,0,781.0000,283.5000,0,0
Closet3,30120411106,1,1,771.5000,325.5000,0,0
Closet3,30120411107,1,1,1572.0000,608.0000,0,0
Closet3,30120411112,1,0,657.0000,405.0000,0,0
Closet3,30120411114,1,0,657.0000,405.0000,0,0
Closet3,30120411116,1,0,657.0000,405.0000,0,0
Closet3,30120411118,1,0,657.0000,405.0000,0,0
Closet3,30120411120,1,1,1572.0000,326.5000,0,0
Closet3,30120411123,1,1,2393.0000,458.0000,0,0
Closet3,30120411124,1,0,2308.0000,458.0000,0,0
Closet3,30120411125,1,1,562.0000,457.0000,0,0
Closet3,30120411142,1,1,367.0000,496.0000,0,0
Closet3,30120411145,1,0,562.0000,418.5000,0,0
Closet3,30120411146,1,1,1268.0000,562.0000,0,0
Closet3,30120411147,1,1,562.0000,456.5000,0,0
Closet3,30120411148,1,1,562.0000,456.5000,0,0
Closet3,30120411151,1,0,286.0000,558.0000,0,0
Closet3,30120411530,1,1,908.0000,368.0000,0,0
Closet3,30120411531,1,0,908.0000,278.0000,0,0
Closet3,30120411533,1,1,721.5000,484.0000,0,0
Closet3,30120411536,1,1,908.0000,286.0000,0,0
Closet3,30120411541,1,0,754.5000,400.0000,0,0
Closet3,30120411543,1,0,754.5000,400.0000,0,0
Closet3,30120411547,1,0,762.0000,277.0000,0,0
Closet3,30120411548,1,1,762.0000,277.0000,0,0
Closet3,30120411549,1,1,1391.0000,762.0000,0,0
Closet3,30120411550,1,1,1428.0000,278.0000,0,0
Closet3,30120411551,1,0,1428.0000,278.0000,0,0
Closet3,30120411564,1,1,762.0000,257.5000,0,0
Closet3,30120411565,1,0,761.0000,257.5000,0,0
Closet3,30120411566,1,0,761.0000,257.5000,0,0
Closet3,30120411568,1,0,774.0000,400.0000,0,0
Closet3,30120411570,1,0,774.0000,400.0000,0,0
Closet3,30120411572,1,1,762.0000,257.5000,0,0
Closet3,30120411134+30120411554+30120411161,1,1,227.1984,580.0000,0,0
Closet3,30120411534+30120411552,1,1,762.0000,367.0000,0,0
Closet3,30120411535+30120411553,1,1,762.0000,367.0000,0,0
Closet3,30120411538+30120411081,1,0,762.0000,346.5000,0,0
Closet3,30120411052,1,1,872.0000,88.0000,0,0
Closet3,30120411053,1,1,872.0000,88.0000,0,0
Closet3,30120411054,1,1,260.0000,88.0000,0,0
Closet3,30120411064,1,0,540.4000,88.0000,0,0
Closet3,30120411065,1,0,540.3000,88.0000,0,0
Closet3,30120411068,1,0,540.4000,88.0000,0,0
Closet3,30120411069,1,0,540.4000,88.0000,0,0
Closet3,30120411078,1,1,1572.0000,88.0000,0,0
Closet3,30120411079,1,1,1572.0000,88.0000,0,0
Closet3,30120411080,1,1,260.0000,88.0000,0,0
Closet3,30120411090,1,1,258.0000,118.0000,0,0
Closet3,30120411091,1,1,258.0000,118.0000,0,0
Closet3,30120411092,1,1,719.0000,118.0000,0,0
Closet3,30120411093,1,1,719.0000,118.0000,0,0
Closet3,30120411095,1,0,805.0000,173.0000,0,0
Closet3,30120411096,1,1,258.0000,118.0000,0,0
Closet3,30120411097,1,1,258.0000,118.0000,0,0
Closet3,30120411098,1,1,719.0000,118.0000,0,0
Closet3,30120411099,1,1,719.0000,118.0000,0,0
Closet3,30120411101,1,0,805.0000,173.0000,0,0
Closet3,30120411126,1,0,75.0000,367.0000,0,0
Closet3,30120411127,1,1,408.0000,118.0000,0,0
Closet3,30120411128,1,1,408.0000,118.0000,0,0
Closet3,30120411129,1,1,500.0000,118.0000,0,0
Closet3,30120411130,1,1,500.0000,118.0000,0,0
Closet3,30120411132,1,0,559.0000,155.0000,0,0
Closet3,30120411135,1,1,408.0000,113.0000,0,0
Closet3,30120411136,1,1,408.0000,113.0000,0,0
Closet3,30120411137,1,1,500.0000,113.0000,0,0
Closet3,30120411138,1,1,500.0000,113.0000,0,0
Closet3,30120411140,1,0,559.0000,155.0000,0,0
Closet3,30120411150,1,0,75.0000,367.0000,0,0
Closet3,30120411152,1,1,408.0000,100.0000,0,0
Closet3,30120411153,1,1,408.0000,100.0000,0,0
Closet3,30120411154,1,1,500.0000,100.0000,0,0
Closet3,30120411155,1,1,500.0000,100.0000,0,0
Closet3,30120411157,1,0,559.0000,155.0000,0,0
Closet3,30120411159,1,0,908.0000,86.0000,0,0
Closet3,30120411160,1,0,544.0000,78.0000,0,0
Closet3,30120411162,1,0,872.0000,78.0000,0,0
Closet3,30120411163,1,1,908.0000,93.0000,0,0
Closet3,30120411164,1,0,1572.0000,78.0000,0,0
Closet3,30120411165,1,1,1608.0000,93.0000,0,0
Closet3,30120411166,1,0,1608.0000,86.0000,0,0
Closet3,30120411528,1,0,2328.0000,78.0000,0,0
Closet3,30120411529,1,1,2328.0000,48.0000,0,0
Closet3,30120411532,1,1,484.0000,158.0000,0,0
Closet3,30120411537,1,1,908.0000,98.0000,0,0
Closet3,30120411539,1,0,762.0000,346.5000,0,0
Closet3,30120411540,1,0,762.0000,346.5000,0,0
Closet3,30120411545,1,1,2328.0000,78.0000,0,0
Closet3,30120411546,1,1,2328.0000,48.0000,0,0
Closet3,30120411555,1,1,314.0000,91.0000,0,0
Closet3,30120411557,1,0,155.0000,400.0000,0,0
Closet3,30120411558,1,1,258.0000,91.0000,0,0
Closet3,30120411559,1,1,258.0000,91.0000,0,0
Closet3,30120411560,1,1,314.0000,91.0000,0,0
Closet3,30120411561,1,1,314.0000,91.0000,0,0
Closet3,30120411563,1,0,155.0000,400.0000,0,0
Closet3,30120411567,1,1,122.0000,256.5000,0,0
Closet3,30120411573,1,1,878.0000,75.0000,0,0
Closet3,30120411574,1,0,842.0000,78.0000,0,0
