Container length: 24400
Container width: 12200
Boxes Volume: 2.86673486E8
Container Volume: 297680000
Utilization: 96.30256852996507

Packed Boxes: 26
format: x y length width
0 0  10720 1995
13680 10205  10720 1995
0 9620  8060 2580
18280 0  6120 3380
0 1995  6120 3380
15760 8025  8640 2180
0 6500  5380 3120
18280 3380  6120 2080
17970 6145  6430 1880
0 5375  3120 1080
15085 0  3195 3120
5380 6500  3195 3120
8060 10270  2760 1930
6120 1995  5660 3380
3120 5375  4080 1080
11980 3120  6300 880
11890 0  3195 3120
11850 4000  6430 1880
8575 6190  1480 4080
15790 5905  2180 2120
11180 7949  4580 2256
11560 10205  2120 1995
10055 6190  1080 4080
7200 5375  4470 780
12610 5954  3180 1995
11135 6299  1250 1650

numOfBlemishes: 0
