Container length: 24400
Container width: 12200
Boxes Volume: 1.56418E8
Container Volume: 297680000
Utilization: 52.54568664337544

Packed Boxes: 17
format: x y length width
0 0  2940 4062
19900 0  4500 1300
23100 7700  1300 4500
0 9460  5642 2740
20160 8138  2940 4062
21660 1300  2740 5642
0 4960  1140 4500
2940 0  1100 4500
1140 8360  4500 1100
4040 0  2740 5642
20520 1300  1140 4500
14518 9460  5642 2740
17160 0  2740 5642
1140 7400  3378 960
19722 7178  3378 960
5642 9260  4062 2940
1140 6300  4500 1100

numOfBlemishes: 0
