Container length: 24400
Container width: 12200
Boxes Volume: 2.80339447425E8
Container Volume: 297680000
Utilization: 94.17476734244826

Packed Boxes: 33
format: x y length width
0 0  5540 1150
18850 11190  5550 1010
23050 0  1350 5540
0 2820  1380 9380
18850 10180  5550 1010
0 1150  9000 1580
17510 0  5540 1350
1380 11190  5550 1010
18850 9170  5550 1010
1380 8400  9000 2790
16130 1350  6920 2990
18850 8160  5550 1010
18860 7010  5540 1150
1380 2730  5540 1350
1380 7390  5550 1010
18850 6000  5550 1010
1380 4080  7165 2990
5540 0  5540 1150
13300 11190  5550 1010
17510 4340  5540 1190
13310 10000  5540 1190
11970 0  5540 1190
6930 11190  5550 1010
11585 7212  7265 2788
10990 1190  5140 1080
6920 2730  4500 1300
12800 5622  6050 1590
11630 2270  4500 1100
6930 7100  4500 1300
13010 4340  4500 1140
10380 10610  2890 580
12642 3370  3488 960
8545 4030  4062 2940

numOfBlemishes: 0
