Container length: 24400
Container width: 12200
Boxes Volume: 2.9081648E8
Container Volume: 297680000
Utilization: 97.69432948132223

Packed Boxes: 24
format: x y length width
0 0  8172 2940
23440 8712  960 3488
0 11110  22380 1090
23320 0  1080 5140
22480 8822  960 3378
11870 0  11450 1080
0 5970  1080 5140
10920 1080  12400 1080
1080 8170  8172 2940
0 2940  8172 2940
14308 8170  8172 2940
19258 2160  4062 2940
23440 5334  960 3378
22480 5444  960 3378
1080 7090  11450 1080
14308 5230  8172 2940
1080 6010  5140 1080
11086 2160  8172 2940
8172 0  2740 5642
9252 8170  4062 2940
13348 7622  960 3488
6220 5950  4500 1140
10930 5100  3378 960
10820 6130  3488 960

numOfBlemishes: 0
