Container length: 24400
Container width: 12200
Boxes Volume: 2.8878888E8
Container Volume: 297680000
Utilization: 97.01319537758667

Packed Boxes: 22
format: x y length width
0 0  5140 1080
2020 11110  22380 1090
16228 0  8172 2940
0 7700  1300 4500
0 1080  8172 2940
16228 8170  8172 2940
1300 8370  5642 2740
16228 2940  8172 2940
0 4020  8172 2940
12000 7090  12400 1080
12950 6010  11450 1080
1300 7070  4500 1300
5140 0  5140 1080
6942 8170  4062 2940
10586 0  5642 2740
8172 1080  1100 4500
12166 8170  4062 2940
5800 7090  5140 1080
9272 1080  1300 4500
10586 2740  5642 2740
11004 7732  960 3378
8172 5790  4500 1300

numOfBlemishes: 0
