Container length: 24400
Container width: 12200
Boxes Volume: 2.907401E8
Container Volume: 297680000
Utilization: 97.6686710561677

Packed Boxes: 24
format: x y length width
0 0  2740 5642
0 11110  22380 1090
0 10030  12400 1080
0 7090  8172 2940
2740 0  2740 5642
0 5790  4500 1300
5480 0  8172 2940
5480 2940  8172 2940
4500 6010  5140 1080
8172 7090  8172 2940
12400 10030  11450 1080
13652 0  8172 2940
9640 6010  5140 1080
13652 2940  8172 2940
16344 7090  4062 2940
14780 6010  5140 1080
21824 0  1590 6050
20406 9070  3378 960
23414 0  960 3488
20406 8110  3378 960
20406 7150  3378 960
19920 6130  3488 960
23784 7140  580 2890
23414 3488  960 3488

numOfBlemishes: 0
