Container length: 24400
Container width: 12200
Boxes Volume: 2.952171E8
Container Volume: 297680000
Utilization: 99.17263504434291

Packed Boxes: 17
format: x y length width
0 0  3760 3580
0 7020  5710 5180
0 3580  4330 3430
3760 0  7710 3570
5710 7020  5710 5180
4330 3570  1710 3370
6040 3570  7080 3380
11420 8620  5780 3580
11470 0  6890 2780
11470 2780  6710 680
11420 7040  6110 1580
13120 3460  5610 3570
17200 8620  7080 3580
18360 0  5980 3380
17530 7040  6710 1580
18730 3380  3760 3580
22490 3380  1910 3570

numOfBlemishes: 0
