Container length: 24400
Container width: 12200
Boxes Volume: 2.864129E8
Container Volume: 297680000
Utilization: 96.21502956194573

Packed Boxes: 17
format: x y length width
0 0  7080 5680
0 6520  7080 5680
0 5680  6410 680
7080 0  5710 3750
7080 7880  6780 4320
7080 3750  7080 2580
7080 6380  7080 1500
12790 0  4210 3570
13860 10120  6890 2080
13860 8360  6590 1760
17000 0  7080 5680
14160 3570  2760 3880
14160 7480  6080 880
20750 9440  3400 2760
16920 6400  5710 1080
16920 5680  3580 680
20450 7530  3570 1910

numOfBlemishes: 0
