Container length: 24400
Container width: 12200
Boxes Volume: 2.95416E8
Container Volume: 297680000
Utilization: 99.2394517602795

Packed Boxes: 16
format: x y length width
0 0  4710 680
0 6530  6110 5670
0 680  8080 3670
0 4350  9910 1080
4710 0  7080 680
0 5430  11640 1080
6110 6530  6110 5670
8080 680  7510 3570
11790 0  7710 680
12220 6060  6550 6140
9910 4250  5810 1080
15590 680  8810 3570
11640 5330  12060 680
18770 6020  5580 6180
19500 0  4710 680
15720 4250  8610 1080

numOfBlemishes: 0
