Container length: 24400
Container width: 12200
Boxes Volume: 2.89151E8
Container Volume: 297680000
Utilization: 97.1348427841978

Packed Boxes: 16
format: x y length width
0 0  5090 4180
0 8020  5090 4180
0 4180  5610 3570
5090 8450  6230 3750
5090 0  7580 3580
5610 3580  8710 1080
5610 4870  7080 3580
11320 8630  7710 3570
12670 0  7510 3570
12690 5050  3580 3580
14320 3570  8810 1080
19030 6930  4180 5270
16270 4940  2760 3690
20180 0  4210 3570
23210 3590  1080 8610
19030 4650  3670 2210

numOfBlemishes: 0
