Container length: 24400
Container width: 12200
Boxes Volume: 2.923679E8
Container Volume: 297680000
Utilization: 98.21549986562752

Packed Boxes: 16
format: x y length width
15680 0  8720 880
14530 6250  9870 5950
20180 880  4220 5260
12960 880  7220 3720
9960 0  5720 880
13600 4600  6580 1600
4590 6380  9940 5820
5380 880  7580 3580
2560 0  7400 880
5880 4600  7720 880
4880 5480  8720 880
1010 5620  3580 6580
2015 880  3365 3720
135 0  1880 5100
2160 4600  3720 880
30 5620  980 6580

numOfBlemishes: 0
