Container length: 24400
Container width: 12200
Boxes Volume: 2.92605E8
Container Volume: 297680000
Utilization: 98.29514915345338

Packed Boxes: 25
format: x y length width
0 0  5710 5170
0 7030  5710 5170
0 5170  5670 1710
5710 0  7510 3330
5710 7030  5710 5170
5710 3330  5600 3030
5670 6450  7080 580
11420 8450  5710 3750
13220 0  5710 4800
11310 3330  1900 3030
11420 7770  6410 680
11420 7090  8510 680
17130 8530  4330 3670
12750 6410  8710 680
13210 4800  6110 1580
18930 0  4740 3200
21460 8530  2210 3670
17830 7850  6410 680
18930 3200  3680 880
18930 4080  3580 680
23670 0  680 7710
23670 8620  630 3580
19320 4760  3380 1580
19930 7120  3680 730
22700 3200  880 3680

numOfBlemishes: 0
