Container length: 24400
Container width: 12200
Boxes Volume: 2.8717318E8
Container Volume: 297680000
Utilization: 96.47043133566245

Packed Boxes: 21
format: x y length width
0 0  8172 2940
2020 11110  22380 1090
16228 0  8172 2940
0 6150  1590 6050
16228 8170  8172 2940
1590 8170  8172 2940
16228 2940  8172 2940
0 2940  8172 2940
12000 7090  12400 1080
12950 6010  11450 1080
1590 6870  4500 1300
1590 5910  3378 960
8172 0  5642 2740
14928 0  1300 4500
12166 8170  4062 2940
13848 0  1080 5140
6090 6870  4500 1300
4968 5910  3378 960
8172 2740  5642 2740
10590 6610  1300 4500
8346 5480  4500 1100

numOfBlemishes: 0
