Container length: 24400
Container width: 12200
Boxes Volume: 2.897386E8
Container Volume: 297680000
Utilization: 97.33223595807578

Packed Boxes: 17
format: x y length width
0 0  3580 7580
18720 0  5680 7080
16690 8630  7710 3570
0 8620  7580 3580
3580 0  7580 3580
15140 0  3580 7580
3580 3580  7580 3580
7580 8620  7580 3580
11570 0  3570 7510
16690 7950  7710 680
0 7740  3730 880
19000 7270  5400 680
3730 7890  8600 730
16010 7990  680 4210
3730 7210  7710 680
15330 7990  680 4210
12430 7540  2710 1080

numOfBlemishes: 0
