BatchNo,UPI,Qty,Color,Length,Width,IsSpecial,Rotatable
Cabinet1,28182871004,1,0,796.0000,608.0000,0,0
Cabinet1,28182871017,1,0,1254.0000,438.0000,0,0
Cabinet1,28182871024,1,0,627.0000,328.0000,0,0
Cabinet1,28182871025,1,0,1491.0000,348.0000,0,0
Cabinet1,28182871116,1,0,1091.0000,316.0000,0,0
Cabinet1,28182871117,1,0,1091.0000,316.0000,0,0
Cabinet1,28182871126,1,0,1511.0000,471.0000,0,0
Cabinet1,28182871127,1,0,1511.0000,471.0000,0,0
Cabinet1,28182871134,1,0,791.0000,328.0000,0,0
Cabinet1,28182871148,1,0,791.0000,606.0000,0,0
Cabinet1,28182871155,1,0,791.0000,328.0000,0,0
Cabinet1,28182871164,1,0,763.0000,328.0000,0,0
Cabinet1,28182871183,1,0,763.0000,328.0000,0,0
Cabinet1,28182871190,1,0,561.0000,400.0000,0,0
Cabinet1,28182871191,1,0,561.0000,400.0000,0,0
Cabinet1,28213601035,1,0,223.0000,848.0000,0,0
Cabinet1,28213601058,1,0,791.0000,606.0000,0,0
Cabinet1,28213601068,1,1,2131.0000,438.0000,0,0
Cabinet1,28213601079,1,0,628.0000,328.0000,0,0
Cabinet1,28213601080,1,0,1491.0000,348.0000,0,0
Cabinet1,28213601122,1,0,763.0000,471.0000,0,0
Cabinet1,28213601123,1,0,763.0000,471.0000,0,0
Cabinet1,28213601132,1,0,1511.0000,471.0000,0,0
Cabinet1,28213601133,1,0,1511.0000,471.0000,0,0
Cabinet1,28213601141,1,0,791.0000,391.0000,0,0
Cabinet1,28213601142,1,0,791.0000,391.0000,0,0
Cabinet1,28213601149,1,0,791.0000,382.5000,0,0
Cabinet1,28213601150,1,0,791.0000,382.5000,0,0
Cabinet1,28213601156,1,0,343.0000,759.0000,0,0
Cabinet1,28213601186,1,0,343.0000,759.0000,0,0
Cabinet1,28213601248,1,0,1091.0000,316.0000,0,0
Cabinet1,28213601249,1,0,1091.0000,316.0000,0,0
Cabinet1,28223791013,1,0,1671.0000,438.0000,0,0
Cabinet1,28223791019,1,0,627.0000,328.0000,0,0
Cabinet1,28223791020,1,0,1491.0000,348.0000,0,0
Cabinet1,28223791051,1,0,848.0000,223.0000,0,0
Cabinet1,28223791078,1,0,1091.0000,316.0000,0,0
Cabinet1,28223791079,1,0,1091.0000,316.0000,0,0
Cabinet1,28223791088,1,0,1511.0000,471.0000,0,0
Cabinet1,28223791089,1,0,1511.0000,471.0000,0,0
Cabinet1,28223791096,1,0,791.0000,545.0000,0,0
Cabinet1,28223791103,1,0,791.0000,528.0000,0,0
Cabinet1,28223791153,1,0,343.0000,529.0000,0,0
Cabinet1,28223791173,1,0,343.0000,529.0000,0,0
Cabinet1,28223791208,1,0,763.0000,471.0000,0,0
Cabinet1,28223791209,1,0,763.0000,471.0000,0,0
Cabinet1,28223791261,1,0,791.0000,606.0000,0,0
Cabinet1,28226561029,1,0,223.0000,848.0000,0,0
Cabinet1,28226561048,1,1,2306.0000,438.0000,0,0
Cabinet1,28226561059,1,0,628.0000,328.0000,0,0
Cabinet1,28226561060,1,0,1491.0000,348.0000,0,0
Cabinet1,28226561100,1,0,763.0000,471.0000,0,0
Cabinet1,28226561101,1,0,763.0000,471.0000,0,0
Cabinet1,28226561110,1,0,1511.0000,471.0000,0,0
Cabinet1,28226561111,1,0,1511.0000,471.0000,0,0
Cabinet1,28226561119,1,0,791.0000,585.0000,0,0
Cabinet1,28226561120,1,0,791.0000,585.0000,0,0
Cabinet1,28226561136,1,0,343.0000,547.0000,0,0
Cabinet1,28226561174,1,0,1091.0000,316.0000,0,0
Cabinet1,28226561175,1,0,1091.0000,316.0000,0,0
Cabinet1,28226561195,1,0,791.0000,547.0000,0,0
Cabinet1,28226561209,1,0,791.0000,606.0000,0,0
Cabinet1,28226561213,1,0,343.0000,547.0000,0,0
Cabinet1,28233571027,1,0,813.0000,608.0000,0,0
Cabinet1,28233571034,1,0,1955.0000,438.0000,0,0
Cabinet1,28233571058,1,0,223.0000,848.0000,0,0
Cabinet1,28233571071,1,0,561.0000,408.5000,0,0
Cabinet1,28233571072,1,0,561.0000,408.5000,0,0
Cabinet1,28233571079,1,0,791.0000,679.0000,0,0
Cabinet1,28233571086,1,0,791.0000,679.0000,0,0
Cabinet1,28233571090,1,0,343.0000,679.5000,0,0
Cabinet1,28233571110,1,0,343.0000,679.5000,0,0
Cabinet1,28233571181,1,0,2371.0000,629.0000,0,0
Cabinet1,28233571196,1,0,791.0000,606.0000,0,0
Cabinet1,28233571233,1,0,2371.0000,595.0000,0,0
Cabinet1,28233571234,1,0,2371.0000,595.0000,0,0
Cabinet1,28239181027,1,0,813.0000,608.0000,0,0
Cabinet1,28239181034,1,0,1955.0000,438.0000,0,0
Cabinet1,28239181058,1,0,223.0000,848.0000,0,0
Cabinet1,28239181071,1,0,561.0000,408.5000,0,0
Cabinet1,28239181072,1,0,561.0000,408.5000,0,0
Cabinet1,28239181079,1,0,791.0000,679.0000,0,0
Cabinet1,28239181086,1,0,791.0000,679.0000,0,0
Cabinet1,28239181090,1,0,343.0000,679.5000,0,0
Cabinet1,28239181110,1,0,343.0000,679.5000,0,0
Cabinet1,28239181181,1,0,2371.0000,629.0000,0,0
Cabinet1,28239181196,1,0,791.0000,606.0000,0,0
Cabinet1,28239181233,1,0,2371.0000,595.0000,0,0
Cabinet1,28239181234,1,0,2371.0000,595.0000,0,0
Cabinet1,28239431035,1,0,223.0000,848.0000,0,0
Cabinet1,28239431058,1,0,791.0000,606.0000,0,0
Cabinet1,28239431068,1,1,2131.0000,438.0000,0,0
Cabinet1,28239431079,1,0,628.0000,328.0000,0,0
Cabinet1,28239431080,1,0,1491.0000,348.0000,0,0
Cabinet1,28239431122,1,0,763.0000,471.0000,0,0
Cabinet1,28239431123,1,0,763.0000,471.0000,0,0
Cabinet1,28239431132,1,0,1511.0000,471.0000,0,0
Cabinet1,28239431133,1,0,1511.0000,471.0000,0,0
Cabinet1,28239431141,1,0,791.0000,391.0000,0,0
Cabinet1,28239431142,1,0,791.0000,391.0000,0,0
Cabinet1,28239431149,1,0,791.0000,382.5000,0,0
Cabinet1,28239431150,1,0,791.0000,382.5000,0,0
Cabinet1,28239431156,1,0,343.0000,759.0000,0,0
Cabinet1,28239431186,1,0,343.0000,759.0000,0,0
Cabinet1,28239431248,1,0,1091.0000,316.0000,0,0
Cabinet1,28239431249,1,0,1091.0000,316.0000,0,0
Cabinet1,28239521016,1,0,2306.0000,438.0000,0,0
Cabinet1,28239521023,1,0,627.0000,328.0000,0,0
Cabinet1,28239521024,1,0,1491.0000,348.0000,0,0
Cabinet1,28239521055,1,0,848.0000,223.0000,0,0
Cabinet1,28239521083,1,0,1091.0000,316.0000,0,0
Cabinet1,28239521084,1,0,1091.0000,316.0000,0,0
Cabinet1,28239521093,1,0,1511.0000,471.0000,0,0
Cabinet1,28239521094,1,0,1511.0000,471.0000,0,0
Cabinet1,28239521130,1,0,763.0000,471.0000,0,0
Cabinet1,28239521131,1,0,763.0000,471.0000,0,0
Cabinet1,28239521138,1,0,791.0000,585.0000,0,0
Cabinet1,28239521139,1,0,791.0000,585.0000,0,0
Cabinet1,28239521145,1,0,343.0000,547.0000,0,0
Cabinet1,28239521195,1,0,791.0000,547.0000,0,0
Cabinet1,28239521209,1,0,791.0000,606.0000,0,0
Cabinet1,28239521213,1,0,343.0000,547.0000,0,0
Cabinet1,28239531016,1,0,2306.0000,438.0000,0,0
Cabinet1,28239531023,1,0,627.0000,328.0000,0,0
Cabinet1,28239531024,1,0,1491.0000,348.0000,0,0
Cabinet1,28239531055,1,0,848.0000,223.0000,0,0
Cabinet1,28239531083,1,0,1091.0000,316.0000,0,0
Cabinet1,28239531084,1,0,1091.0000,316.0000,0,0
Cabinet1,28239531093,1,0,1511.0000,471.0000,0,0
Cabinet1,28239531094,1,0,1511.0000,471.0000,0,0
Cabinet1,28239531130,1,0,763.0000,471.0000,0,0
Cabinet1,28239531131,1,0,763.0000,471.0000,0,0
Cabinet1,28239531138,1,0,791.0000,585.0000,0,0
Cabinet1,28239531139,1,0,791.0000,585.0000,0,0
Cabinet1,28239531145,1,0,343.0000,547.0000,0,0
Cabinet1,28239531195,1,0,791.0000,547.0000,0,0
Cabinet1,28239531209,1,0,791.0000,606.0000,0,0
Cabinet1,28239531213,1,0,343.0000,547.0000,0,0
Cabinet1,28239561016,1,0,2306.0000,438.0000,0,0
Cabinet1,28239561023,1,0,627.0000,328.0000,0,0
Cabinet1,28239561024,1,0,1491.0000,348.0000,0,0
Cabinet1,28239561055,1,0,848.0000,223.0000,0,0
Cabinet1,28239561083,1,0,1091.0000,316.0000,0,0
Cabinet1,28239561084,1,0,1091.0000,316.0000,0,0
Cabinet1,28239561093,1,0,1511.0000,471.0000,0,0
Cabinet1,28239561094,1,0,1511.0000,471.0000,0,0
Cabinet1,28239561130,1,0,763.0000,471.0000,0,0
Cabinet1,28239561131,1,0,763.0000,471.0000,0,0
Cabinet1,28239561138,1,0,791.0000,585.0000,0,0
Cabinet1,28239561139,1,0,791.0000,585.0000,0,0
Cabinet1,28239561145,1,0,343.0000,547.0000,0,0
Cabinet1,28239561195,1,0,791.0000,547.0000,0,0
Cabinet1,28239561209,1,0,791.0000,606.0000,0,0
Cabinet1,28239561213,1,0,343.0000,547.0000,0,0
Cabinet1,28239641004,1,0,796.0000,608.0000,0,0
Cabinet1,28239641017,1,0,1254.0000,438.0000,0,0
Cabinet1,28239641024,1,0,627.0000,328.0000,0,0
Cabinet1,28239641025,1,0,1491.0000,348.0000,0,0
Cabinet1,28239641061,1,0,848.0000,223.0000,0,0
Cabinet1,28239641116,1,0,1091.0000,316.0000,0,0
Cabinet1,28239641117,1,0,1091.0000,316.0000,0,0
Cabinet1,28239641126,1,0,1511.0000,471.0000,0,0
Cabinet1,28239641127,1,0,1511.0000,471.0000,0,0
Cabinet1,28239641134,1,0,791.0000,328.0000,0,0
Cabinet1,28239641148,1,0,791.0000,606.0000,0,0
Cabinet1,28239641155,1,0,791.0000,328.0000,0,0
Cabinet1,28239641164,1,0,763.0000,328.0000,0,0
Cabinet1,28239641183,1,0,763.0000,328.0000,0,0
Cabinet1,28239641190,1,0,561.0000,400.0000,0,0
Cabinet1,28239641191,1,0,561.0000,400.0000,0,0
Cabinet1,28243881016,1,0,2131.0000,438.0000,0,0
Cabinet1,28243881023,1,0,627.0000,328.0000,0,0
Cabinet1,28243881024,1,0,1491.0000,348.0000,0,0
Cabinet1,28243881060,1,0,848.0000,223.0000,0,0
Cabinet1,28243881115,1,0,1091.0000,316.0000,0,0
Cabinet1,28243881116,1,0,1091.0000,316.0000,0,0
Cabinet1,28243881125,1,0,1511.0000,471.0000,0,0
Cabinet1,28243881126,1,0,1511.0000,471.0000,0,0
Cabinet1,28243881162,1,0,763.0000,471.0000,0,0
Cabinet1,28243881163,1,0,763.0000,471.0000,0,0
Cabinet1,28243881170,1,0,791.0000,382.5000,0,0
Cabinet1,28243881171,1,0,791.0000,382.5000,0,0
Cabinet1,28243881178,1,0,791.0000,391.0000,0,0
Cabinet1,28243881179,1,0,791.0000,391.0000,0,0
Cabinet1,28243881185,1,0,343.0000,759.0000,0,0
Cabinet1,28243881205,1,0,343.0000,759.0000,0,0
Cabinet1,28243881262,1,0,791.0000,606.0000,0,0
Cabinet1,28244141016,1,0,2306.0000,438.0000,0,0
Cabinet1,28244141023,1,0,627.0000,328.0000,0,0
Cabinet1,28244141024,1,0,1491.0000,348.0000,0,0
Cabinet1,28244141055,1,0,848.0000,223.0000,0,0
Cabinet1,28244141083,1,0,1091.0000,316.0000,0,0
Cabinet1,28244141084,1,0,1091.0000,316.0000,0,0
Cabinet1,28244141093,1,0,1511.0000,471.0000,0,0
Cabinet1,28244141094,1,0,1511.0000,471.0000,0,0
Cabinet1,28244141130,1,0,763.0000,471.0000,0,0
Cabinet1,28244141131,1,0,763.0000,471.0000,0,0
Cabinet1,28244141138,1,0,791.0000,585.0000,0,0
Cabinet1,28244141139,1,0,791.0000,585.0000,0,0
Cabinet1,28244141145,1,0,343.0000,547.0000,0,0
Cabinet1,28244141195,1,0,791.0000,547.0000,0,0
Cabinet1,28244141209,1,0,791.0000,606.0000,0,0
Cabinet1,28244141213,1,0,343.0000,547.0000,0,0
Cabinet1,28248431035,1,0,223.0000,848.0000,0,0
Cabinet1,28248431058,1,0,791.0000,606.0000,0,0
Cabinet1,28248431068,1,1,2131.0000,438.0000,0,0
Cabinet1,28248431079,1,0,628.0000,328.0000,0,0
Cabinet1,28248431080,1,0,1491.0000,348.0000,0,0
Cabinet1,28248431122,1,0,763.0000,471.0000,0,0
Cabinet1,28248431123,1,0,763.0000,471.0000,0,0
Cabinet1,28248431132,1,0,1511.0000,471.0000,0,0
Cabinet1,28248431133,1,0,1511.0000,471.0000,0,0
Cabinet1,28248431141,1,0,791.0000,391.0000,0,0
Cabinet1,28248431142,1,0,791.0000,391.0000,0,0
Cabinet1,28248431149,1,0,791.0000,382.5000,0,0
Cabinet1,28248431150,1,0,791.0000,382.5000,0,0
Cabinet1,28248431156,1,0,343.0000,759.0000,0,0
Cabinet1,28248431186,1,0,343.0000,759.0000,0,0
Cabinet1,28248431248,1,0,1091.0000,316.0000,0,0
Cabinet1,28248431249,1,0,1091.0000,316.0000,0,0
Cabinet1,28248441035,1,0,223.0000,848.0000,0,0
Cabinet1,28248441058,1,0,791.0000,606.0000,0,0
Cabinet1,28248441068,1,1,2131.0000,438.0000,0,0
Cabinet1,28248441079,1,0,628.0000,328.0000,0,0
Cabinet1,28248441080,1,0,1491.0000,348.0000,0,0
Cabinet1,28248441122,1,0,763.0000,471.0000,0,0
Cabinet1,28248441123,1,0,763.0000,471.0000,0,0
Cabinet1,28248441132,1,0,1511.0000,471.0000,0,0
Cabinet1,28248441133,1,0,1511.0000,471.0000,0,0
Cabinet1,28248441141,1,0,791.0000,391.0000,0,0
Cabinet1,28248441142,1,0,791.0000,391.0000,0,0
Cabinet1,28248441149,1,0,791.0000,382.5000,0,0
Cabinet1,28248441150,1,0,791.0000,382.5000,0,0
Cabinet1,28248441156,1,0,343.0000,759.0000,0,0
Cabinet1,28248441186,1,0,343.0000,759.0000,0,0
Cabinet1,28248441248,1,0,1091.0000,316.0000,0,0
Cabinet1,28248441249,1,0,1091.0000,316.0000,0,0
Cabinet1,28248451035,1,0,223.0000,848.0000,0,0
Cabinet1,28248451058,1,0,791.0000,606.0000,0,0
Cabinet1,28248451068,1,1,2131.0000,438.0000,0,0
Cabinet1,28248451079,1,0,628.0000,328.0000,0,0
Cabinet1,28248451080,1,0,1491.0000,348.0000,0,0
Cabinet1,28248451122,1,0,763.0000,471.0000,0,0
Cabinet1,28248451123,1,0,763.0000,471.0000,0,0
Cabinet1,28248451132,1,0,1511.0000,471.0000,0,0
Cabinet1,28248451133,1,0,1511.0000,471.0000,0,0
Cabinet1,28248451141,1,0,791.0000,391.0000,0,0
Cabinet1,28248451142,1,0,791.0000,391.0000,0,0
Cabinet1,28248451149,1,0,791.0000,382.5000,0,0
Cabinet1,28248451150,1,0,791.0000,382.5000,0,0
Cabinet1,28248451156,1,0,343.0000,759.0000,0,0
Cabinet1,28248451186,1,0,343.0000,759.0000,0,0
Cabinet1,28248451248,1,0,1091.0000,316.0000,0,0
Cabinet1,28248451249,1,0,1091.0000,316.0000,0,0
Cabinet1,28248591016,1,0,2306.0000,438.0000,0,0
Cabinet1,28248591023,1,0,627.0000,328.0000,0,0
Cabinet1,28248591024,1,0,1491.0000,348.0000,0,0
Cabinet1,28248591055,1,0,848.0000,223.0000,0,0
Cabinet1,28248591083,1,0,1091.0000,316.0000,0,0
Cabinet1,28248591084,1,0,1091.0000,316.0000,0,0
Cabinet1,28248591093,1,0,1511.0000,471.0000,0,0
Cabinet1,28248591094,1,0,1511.0000,471.0000,0,0
Cabinet1,28248591130,1,0,763.0000,471.0000,0,0
Cabinet1,28248591131,1,0,763.0000,471.0000,0,0
Cabinet1,28248591138,1,0,791.0000,585.0000,0,0
Cabinet1,28248591139,1,0,791.0000,585.0000,0,0
Cabinet1,28248591145,1,0,343.0000,547.0000,0,0
Cabinet1,28248591195,1,0,791.0000,547.0000,0,0
Cabinet1,28248591209,1,0,791.0000,606.0000,0,0
Cabinet1,28248591213,1,0,343.0000,547.0000,0,0
Cabinet1,28250161029,1,0,223.0000,848.0000,0,0
Cabinet1,28250161052,1,0,791.0000,606.0000,0,0
Cabinet1,28250161059,1,1,1833.0000,438.0000,0,0
Cabinet1,28250161070,1,0,628.0000,328.0000,0,0
Cabinet1,28250161071,1,0,1491.0000,348.0000,0,0
Cabinet1,28250161110,1,0,763.0000,471.0000,0,0
Cabinet1,28250161111,1,0,763.0000,471.0000,0,0
Cabinet1,28250161120,1,0,1511.0000,471.0000,0,0
Cabinet1,28250161121,1,0,1511.0000,471.0000,0,0
Cabinet1,28250161128,1,0,343.0000,610.5000,0,0
Cabinet1,28250161158,1,0,343.0000,610.5000,0,0
Cabinet1,28250161196,1,0,1091.0000,316.0000,0,0
Cabinet1,28250161197,1,0,1091.0000,316.0000,0,0
Cabinet1,28250161250,1,0,791.0000,627.5000,0,0
Cabinet1,28250161257,1,0,791.0000,610.5000,0,0
Cabinet1,28253231029,1,0,223.0000,848.0000,0,0
Cabinet1,28253231048,1,1,2306.0000,438.0000,0,0
Cabinet1,28253231059,1,0,628.0000,328.0000,0,0
Cabinet1,28253231060,1,0,1491.0000,348.0000,0,0
Cabinet1,28253231100,1,0,763.0000,471.0000,0,0
Cabinet1,28253231101,1,0,763.0000,471.0000,0,0
Cabinet1,28253231110,1,0,1511.0000,471.0000,0,0
Cabinet1,28253231111,1,0,1511.0000,471.0000,0,0
Cabinet1,28253231119,1,0,791.0000,585.0000,0,0
Cabinet1,28253231120,1,0,791.0000,585.0000,0,0
Cabinet1,28253231136,1,0,343.0000,547.0000,0,0
Cabinet1,28253231174,1,0,1091.0000,316.0000,0,0
Cabinet1,28253231175,1,0,1091.0000,316.0000,0,0
Cabinet1,28253231195,1,0,791.0000,547.0000,0,0
Cabinet1,28253231209,1,0,791.0000,606.0000,0,0
Cabinet1,28253231213,1,0,343.0000,547.0000,0,0
Cabinet1,28253291016,1,0,2131.0000,438.0000,0,0
Cabinet1,28253291023,1,0,627.0000,328.0000,0,0
Cabinet1,28253291024,1,0,1491.0000,348.0000,0,0
Cabinet1,28253291060,1,0,848.0000,223.0000,0,0
Cabinet1,28253291115,1,0,1091.0000,316.0000,0,0
Cabinet1,28253291116,1,0,1091.0000,316.0000,0,0
Cabinet1,28253291125,1,0,1511.0000,471.0000,0,0
Cabinet1,28253291126,1,0,1511.0000,471.0000,0,0
Cabinet1,28253291162,1,0,763.0000,471.0000,0,0
Cabinet1,28253291163,1,0,763.0000,471.0000,0,0
Cabinet1,28253291170,1,0,791.0000,382.5000,0,0
Cabinet1,28253291171,1,0,791.0000,382.5000,0,0
Cabinet1,28253291178,1,0,791.0000,391.0000,0,0
Cabinet1,28253291179,1,0,791.0000,391.0000,0,0
Cabinet1,28253291185,1,0,343.0000,759.0000,0,0
Cabinet1,28253291205,1,0,343.0000,759.0000,0,0
Cabinet1,28253291262,1,0,791.0000,606.0000,0,0
Cabinet1,28253461016,1,0,2306.0000,438.0000,0,0
Cabinet1,28253461023,1,0,627.0000,328.0000,0,0
Cabinet1,28253461024,1,0,1491.0000,348.0000,0,0
Cabinet1,28253461055,1,0,848.0000,223.0000,0,0
Cabinet1,28253461083,1,0,1091.0000,316.0000,0,0
Cabinet1,28253461084,1,0,1091.0000,316.0000,0,0
Cabinet1,28253461093,1,0,1511.0000,471.0000,0,0
Cabinet1,28253461094,1,0,1511.0000,471.0000,0,0
Cabinet1,28253461130,1,0,763.0000,471.0000,0,0
Cabinet1,28253461131,1,0,763.0000,471.0000,0,0
Cabinet1,28253461138,1,0,791.0000,585.0000,0,0
Cabinet1,28253461139,1,0,791.0000,585.0000,0,0
Cabinet1,28253461145,1,0,343.0000,547.0000,0,0
Cabinet1,28253461195,1,0,791.0000,547.0000,0,0
Cabinet1,28253461209,1,0,791.0000,606.0000,0,0
Cabinet1,28253461213,1,0,343.0000,547.0000,0,0
Cabinet1,28260241013,1,0,1671.0000,438.0000,0,0
Cabinet1,28260241019,1,0,627.0000,328.0000,0,0
Cabinet1,28260241020,1,0,1491.0000,348.0000,0,0
Cabinet1,28260241051,1,0,848.0000,223.0000,0,0
Cabinet1,28260241078,1,0,1091.0000,316.0000,0,0
Cabinet1,28260241079,1,0,1091.0000,316.0000,0,0
Cabinet1,28260241088,1,0,1511.0000,471.0000,0,0
Cabinet1,28260241089,1,0,1511.0000,471.0000,0,0
Cabinet1,28260241096,1,0,791.0000,545.0000,0,0
Cabinet1,28260241103,1,0,791.0000,528.0000,0,0
Cabinet1,28260241153,1,0,343.0000,529.0000,0,0
Cabinet1,28260241173,1,0,343.0000,529.0000,0,0
Cabinet1,28260241208,1,0,763.0000,471.0000,0,0
Cabinet1,28260241209,1,0,763.0000,471.0000,0,0
Cabinet1,28260241261,1,0,791.0000,606.0000,0,0
Cabinet1,28260731035,1,0,223.0000,848.0000,0,0
Cabinet1,28260731058,1,0,791.0000,606.0000,0,0
Cabinet1,28260731068,1,1,2131.0000,438.0000,0,0
Cabinet1,28260731079,1,0,628.0000,328.0000,0,0
Cabinet1,28260731080,1,0,1491.0000,348.0000,0,0
Cabinet1,28260731122,1,0,763.0000,471.0000,0,0
Cabinet1,28260731123,1,0,763.0000,471.0000,0,0
Cabinet1,28260731132,1,0,1511.0000,471.0000,0,0
Cabinet1,28260731133,1,0,1511.0000,471.0000,0,0
Cabinet1,28260731141,1,0,791.0000,391.0000,0,0
Cabinet1,28260731142,1,0,791.0000,391.0000,0,0
Cabinet1,28260731149,1,0,791.0000,382.5000,0,0
Cabinet1,28260731150,1,0,791.0000,382.5000,0,0
Cabinet1,28260731156,1,0,343.0000,759.0000,0,0
Cabinet1,28260731186,1,0,343.0000,759.0000,0,0
Cabinet1,28260731248,1,0,1091.0000,316.0000,0,0
Cabinet1,28260731249,1,0,1091.0000,316.0000,0,0
Cabinet1,28260961029,1,0,223.0000,848.0000,0,0
Cabinet1,28260961052,1,0,791.0000,606.0000,0,0
Cabinet1,28260961059,1,1,1833.0000,438.0000,0,0
Cabinet1,28260961070,1,0,628.0000,328.0000,0,0
Cabinet1,28260961071,1,0,1491.0000,348.0000,0,0
Cabinet1,28260961110,1,0,763.0000,471.0000,0,0
Cabinet1,28260961111,1,0,763.0000,471.0000,0,0
Cabinet1,28260961120,1,0,1511.0000,471.0000,0,0
Cabinet1,28260961121,1,0,1511.0000,471.0000,0,0
Cabinet1,28260961128,1,0,343.0000,610.5000,0,0
Cabinet1,28260961158,1,0,343.0000,610.5000,0,0
Cabinet1,28260961196,1,0,1091.0000,316.0000,0,0
Cabinet1,28260961197,1,0,1091.0000,316.0000,0,0
Cabinet1,28260961250,1,0,791.0000,627.5000,0,0
Cabinet1,28260961257,1,0,791.0000,610.5000,0,0
Cabinet1,28250161188+28213601159+28213601162,1,0,2061.0000,815.0000,0,0
Cabinet1,28223791049+28226561139+28226561142,1,0,1898.0000,815.0000,0,0
Cabinet1,28260961188+28213601189+28213601192,1,0,2061.0000,815.0000,0,0
Cabinet1,28260241049+28226561216+28226561219,1,0,1898.0000,815.0000,0,0
Cabinet1,28213601216+28239431159+28239431162,1,0,2358.0000,815.0000,0,0
Cabinet1,28239431216+28239431189+28239431192,1,0,2358.0000,815.0000,0,0
Cabinet1,28243881058+28243881188+28243881191,1,0,2358.0000,815.0000,0,0
Cabinet1,28248431216+28243881208+28243881211,1,0,2358.0000,815.0000,0,0
Cabinet1,28248441216+28248431159+28248431162,1,0,2358.0000,815.0000,0,0
Cabinet1,28248451216+28248431189+28248431192,1,0,2358.0000,815.0000,0,0
Cabinet1,28253291058+28248441159+28248441162,1,0,2358.0000,815.0000,0,0
Cabinet1,28260731216+28248441189+28248441192,1,0,2358.0000,815.0000,0,0
Cabinet1,28182871059+28248451159+28248451162,1,0,2365.0000,815.0000,0,0
Cabinet1,28239641059+28248451189+28248451192,1,0,2365.0000,815.0000,0,0
Cabinet1,28182871174,1,0,164.0000,606.0000,0,0
Cabinet1,28182871216,1,0,163.0000,919.0000,0,0
Cabinet1,28182871219,1,0,193.0000,919.0000,0,0
Cabinet1,28182871223,1,0,163.0000,919.0000,0,0
Cabinet1,28182871227,1,0,193.0000,919.0000,0,0
Cabinet1,28213601182,1,0,164.0000,606.0000,0,0
Cabinet1,28223791113,1,0,164.0000,606.0000,0,0
Cabinet1,28223791156,1,0,193.0000,529.0000,0,0
Cabinet1,28223791159,1,0,193.0000,529.0000,0,0
Cabinet1,28223791176,1,0,193.0000,529.0000,0,0
Cabinet1,28223791179,1,0,193.0000,529.0000,0,0
Cabinet1,28226561132,1,0,164.0000,606.0000,0,0
Cabinet1,28226561235,1,0,163.0000,606.0000,0,0
Cabinet1,28226561238,1,0,163.0000,606.0000,0,0
Cabinet1,28233571093,1,0,193.0000,679.5000,0,0
Cabinet1,28233571096,1,0,193.0000,679.5000,0,0
Cabinet1,28233571113,1,0,193.0000,679.5000,0,0
Cabinet1,28233571116,1,0,193.0000,679.5000,0,0
Cabinet1,28233571206,1,0,164.0000,606.0000,0,0
Cabinet1,28239181093,1,0,193.0000,679.5000,0,0
Cabinet1,28239181096,1,0,193.0000,679.5000,0,0
Cabinet1,28239181113,1,0,193.0000,679.5000,0,0
Cabinet1,28239181116,1,0,193.0000,679.5000,0,0
Cabinet1,28239181206,1,0,164.0000,606.0000,0,0
Cabinet1,28239431182,1,0,164.0000,606.0000,0,0
Cabinet1,28239521104,1,0,164.0000,606.0000,0,0
Cabinet1,28239521148,1,0,193.0000,547.0000,0,0
Cabinet1,28239521151,1,0,193.0000,547.0000,0,0
Cabinet1,28239521216,1,0,193.0000,547.0000,0,0
Cabinet1,28239521219,1,0,193.0000,547.0000,0,0
Cabinet1,28239521235,1,0,163.0000,606.0000,0,0
Cabinet1,28239521238,1,0,163.0000,606.0000,0,0
Cabinet1,28239531104,1,0,164.0000,606.0000,0,0
Cabinet1,28239531148,1,0,193.0000,547.0000,0,0
Cabinet1,28239531151,1,0,193.0000,547.0000,0,0
Cabinet1,28239531216,1,0,193.0000,547.0000,0,0
Cabinet1,28239531219,1,0,193.0000,547.0000,0,0
Cabinet1,28239531235,1,0,163.0000,606.0000,0,0
Cabinet1,28239531238,1,0,163.0000,606.0000,0,0
Cabinet1,28239561104,1,0,164.0000,606.0000,0,0
Cabinet1,28239561148,1,0,193.0000,547.0000,0,0
Cabinet1,28239561151,1,0,193.0000,547.0000,0,0
Cabinet1,28239561216,1,0,193.0000,547.0000,0,0
Cabinet1,28239561219,1,0,193.0000,547.0000,0,0
Cabinet1,28239561235,1,0,163.0000,606.0000,0,0
Cabinet1,28239561238,1,0,163.0000,606.0000,0,0
Cabinet1,28239641174,1,0,164.0000,606.0000,0,0
Cabinet1,28239641216,1,0,163.0000,919.0000,0,0
Cabinet1,28239641219,1,0,193.0000,919.0000,0,0
Cabinet1,28239641223,1,0,163.0000,919.0000,0,0
Cabinet1,28239641227,1,0,193.0000,919.0000,0,0
Cabinet1,28243881136,1,0,164.0000,606.0000,0,0
Cabinet1,28244141104,1,0,164.0000,606.0000,0,0
Cabinet1,28244141148,1,0,193.0000,547.0000,0,0
Cabinet1,28244141151,1,0,193.0000,547.0000,0,0
Cabinet1,28244141216,1,0,193.0000,547.0000,0,0
Cabinet1,28244141219,1,0,193.0000,547.0000,0,0
Cabinet1,28244141235,1,0,163.0000,606.0000,0,0
Cabinet1,28244141238,1,0,163.0000,606.0000,0,0
Cabinet1,28248431182,1,0,164.0000,606.0000,0,0
Cabinet1,28248441182,1,0,164.0000,606.0000,0,0
Cabinet1,28248451182,1,0,164.0000,606.0000,0,0
Cabinet1,28248591104,1,0,164.0000,606.0000,0,0
Cabinet1,28248591148,1,0,193.0000,547.0000,0,0
Cabinet1,28248591151,1,0,193.0000,547.0000,0,0
Cabinet1,28248591216,1,0,193.0000,547.0000,0,0
Cabinet1,28248591219,1,0,193.0000,547.0000,0,0
Cabinet1,28248591235,1,0,163.0000,606.0000,0,0
Cabinet1,28248591238,1,0,163.0000,606.0000,0,0
Cabinet1,28250161131,1,0,193.0000,610.5000,0,0
Cabinet1,28250161134,1,0,193.0000,610.5000,0,0
Cabinet1,28250161154,1,0,164.0000,606.0000,0,0
Cabinet1,28250161161,1,0,193.0000,610.5000,0,0
Cabinet1,28250161164,1,0,193.0000,610.5000,0,0
Cabinet1,28253231132,1,0,164.0000,606.0000,0,0
Cabinet1,28253231139,1,0,193.0000,547.0000,0,0
Cabinet1,28253231142,1,0,193.0000,547.0000,0,0
Cabinet1,28253231216,1,0,193.0000,547.0000,0,0
Cabinet1,28253231219,1,0,193.0000,547.0000,0,0
Cabinet1,28253231235,1,0,163.0000,606.0000,0,0
Cabinet1,28253231238,1,0,163.0000,606.0000,0,0
Cabinet1,28253291136,1,0,164.0000,606.0000,0,0
Cabinet1,28253291188,1,0,193.0000,759.0000,0,0
Cabinet1,28253291191,1,0,193.0000,759.0000,0,0
Cabinet1,28253291208,1,0,193.0000,759.0000,0,0
Cabinet1,28253291211,1,0,193.0000,759.0000,0,0
Cabinet1,28253461104,1,0,164.0000,606.0000,0,0
Cabinet1,28253461148,1,0,193.0000,547.0000,0,0
Cabinet1,28253461151,1,0,193.0000,547.0000,0,0
Cabinet1,28253461216,1,0,193.0000,547.0000,0,0
Cabinet1,28253461219,1,0,193.0000,547.0000,0,0
Cabinet1,28253461235,1,0,163.0000,606.0000,0,0
Cabinet1,28253461238,1,0,163.0000,606.0000,0,0
Cabinet1,28260241113,1,0,164.0000,606.0000,0,0
Cabinet1,28260241156,1,0,193.0000,529.0000,0,0
Cabinet1,28260241159,1,0,193.0000,529.0000,0,0
Cabinet1,28260241176,1,0,193.0000,529.0000,0,0
Cabinet1,28260241179,1,0,193.0000,529.0000,0,0
Cabinet1,28260731159,1,0,193.0000,759.0000,0,0
Cabinet1,28260731162,1,0,193.0000,759.0000,0,0
Cabinet1,28260731182,1,0,164.0000,606.0000,0,0
Cabinet1,28260731189,1,0,193.0000,759.0000,0,0
Cabinet1,28260731192,1,0,193.0000,759.0000,0,0
Cabinet1,28260961131,1,0,193.0000,610.5000,0,0
Cabinet1,28260961134,1,0,193.0000,610.5000,0,0
Cabinet1,28260961154,1,0,164.0000,606.0000,0,0
Cabinet1,28260961161,1,0,193.0000,610.5000,0,0
Cabinet1,28260961164,1,0,193.0000,610.5000,0,0
Cabinet1,28233571064,1,0,1993.0000,815.0000,0,0
Cabinet1,28239181064,1,0,1993.0000,815.0000,0,0
Cabinet1,28239521053,1,0,1765.0000,815.0000,0,0
Cabinet1,28239531053,1,0,1765.0000,815.0000,0,0
Cabinet1,28239561053,1,0,1765.0000,815.0000,0,0
Cabinet1,28244141053,1,0,1765.0000,815.0000,0,0
Cabinet1,28248591053,1,0,1765.0000,815.0000,0,0
Cabinet1,28253461053,1,0,1765.0000,815.0000,0,0
Cabinet1,28226561166,1,0,1765.0000,815.0000,0,0
Cabinet1,28253231166,1,0,1765.0000,815.0000,0,0
