BatchNo,UPI,Qty,Color,Length,Width,IsSpecial,Rotatable
Cabinet2,20648361002,1,0,571.0000,518.0000,0,0
Cabinet2,20648361005,1,1,678.0000,568.0000,0,0
Cabinet2,20648361006,1,1,678.0000,568.0000,0,0
Cabinet2,20648361013,1,1,678.0000,400.0000,0,0
Cabinet2,20648361015,1,1,678.0000,568.0000,0,0
Cabinet2,20648361022,1,0,871.0000,518.0000,0,0
Cabinet2,20648361023,1,1,678.0000,568.0000,0,0
Cabinet2,20648361024,1,1,678.0000,568.0000,0,0
Cabinet2,20648361030,1,0,371.0000,567.0000,0,0
Cabinet2,20648361033,1,1,678.0000,568.0000,0,0
Cabinet2,20648361034,1,1,678.0000,568.0000,0,0
Cabinet2,20648361037,1,1,678.0000,568.0000,0,0
Cabinet2,20648361038,1,1,678.0000,568.0000,0,0
Cabinet2,20648361039,1,0,343.0000,567.0000,0,0
Cabinet2,20648361042,1,0,343.0000,543.0000,0,0
Cabinet2,20648361044,1,1,678.0000,432.0000,0,0
Cabinet2,20648361045,1,1,678.0000,432.0000,0,0
Cabinet2,20648361049,1,0,641.0000,635.0000,0,0
Cabinet2,20648361051,1,0,1018.0000,431.0000,0,0
Cabinet2,20648361052,1,0,1017.0000,338.0000,0,0
Cabinet2,20648361055,1,1,517.0000,452.0000,0,0
Cabinet2,20648361056,1,1,641.0000,517.0000,0,0
Cabinet2,20648361057,1,0,452.0000,517.0000,0,0
Cabinet2,20648361058,1,1,678.0000,452.0000,0,0
Cabinet2,20648361059,1,1,678.0000,452.0000,0,0
Cabinet2,20648361060,1,0,517.0000,433.0000,0,0
Cabinet2,20648361062,1,1,1868.0000,618.0000,0,0
Cabinet2,20648361063,1,0,1868.0000,618.0000,0,0
Cabinet2,20648361064,1,0,927.0000,617.0000,0,0
Cabinet2,20648361065,1,1,1850.0000,927.0000,0,0
Cabinet2,20648361066,1,1,558.0000,618.0000,0,0
Cabinet2,20648361067,1,1,927.0000,617.0000,0,0
Cabinet2,20648361068,1,0,558.0000,618.0000,0,0
Cabinet2,20648361071,1,1,927.0000,617.0000,0,0
Cabinet2,20648361074,1,1,2308.0000,528.0000,0,0
Cabinet2,20648361075,1,1,2308.0000,528.0000,0,0
Cabinet2,20648361076,1,0,418.0000,527.0000,0,0
Cabinet2,20648361077,1,0,418.0000,527.0000,0,0
Cabinet2,20648361078,1,1,2271.0000,418.0000,0,0
Cabinet2,20648361079,1,0,418.0000,509.0000,0,0
Cabinet2,20648361080,1,0,418.0000,509.0000,0,0
Cabinet2,20648361081,1,0,418.0000,509.0000,0,0
Cabinet2,20648361082,1,0,418.0000,509.0000,0,0
Cabinet2,20648361091,1,1,878.0000,368.0000,0,0
Cabinet2,20648361092,1,1,433.0000,367.0000,0,0
Cabinet2,20648361093,1,1,878.0000,368.0000,0,0
Cabinet2,20648361095,1,0,433.0000,367.0000,0,0
Cabinet2,20648361096,1,0,433.0000,343.0000,0,0
Cabinet2,20648361097,1,0,433.0000,343.0000,0,0
Cabinet2,20648361098,1,1,878.0000,368.0000,0,0
Cabinet2,20648361099,1,1,808.0000,367.0000,0,0
Cabinet2,20648361100,1,1,878.0000,368.0000,0,0
Cabinet2,20648361103,1,0,808.0000,367.0000,0,0
Cabinet2,20648361104,1,0,808.0000,343.0000,0,0
Cabinet2,20648361107,1,1,813.0000,368.0000,0,0
Cabinet2,20648361108,1,1,221.0000,367.0000,0,0
Cabinet2,20648361109,1,1,813.0000,368.0000,0,0
Cabinet2,20648361110,1,0,221.0000,367.0000,0,0
Cabinet2,20648361112,1,0,221.0000,343.0000,0,0
Cabinet2,20648361114,1,1,813.0000,368.0000,0,0
Cabinet2,20648361115,1,1,221.0000,367.0000,0,0
Cabinet2,20648361116,1,1,813.0000,368.0000,0,0
Cabinet2,20648361117,1,0,221.0000,367.0000,0,0
Cabinet2,20648361119,1,0,221.0000,343.0000,0,0
Cabinet2,20648361121,1,0,388.0000,276.0000,0,0
Cabinet2,20648361122,1,0,276.0000,388.0000,0,0
Cabinet2,20648361123,1,1,878.0000,388.0000,0,0
Cabinet2,20648361124,1,1,878.0000,388.0000,0,0
Cabinet2,20648361125,1,0,276.0000,369.0000,0,0
Cabinet2,20648361126,1,0,276.0000,369.0000,0,0
Cabinet2,20648361127,1,0,841.0000,276.0000,0,0
Cabinet2,20663981002,1,1,708.0000,568.0000,0,0
Cabinet2,20663981003,1,1,708.0000,568.0000,0,0
Cabinet2,20663981004,1,0,861.0000,567.0000,0,0
Cabinet2,20663981007,1,0,860.0000,474.0000,0,0
Cabinet2,20663981012,1,1,708.0000,568.0000,0,0
Cabinet2,20663981013,1,1,708.0000,568.0000,0,0
Cabinet2,20663981014,1,0,871.0000,518.0000,0,0
Cabinet2,20663981018,1,1,708.0000,568.0000,0,0
Cabinet2,20663981019,1,1,708.0000,568.0000,0,0
Cabinet2,20663981020,1,0,471.0000,567.0000,0,0
Cabinet2,20663981032,1,1,708.0000,568.0000,0,0
Cabinet2,20663981033,1,1,708.0000,568.0000,0,0
Cabinet2,20663981034,1,0,298.0000,567.0000,0,0
Cabinet2,20663981038,1,0,571.0000,567.0000,0,0
Cabinet2,20663981041,1,0,571.0000,543.0000,0,0
Cabinet2,20663981042,1,1,708.0000,568.0000,0,0
Cabinet2,20663981043,1,1,708.0000,568.0000,0,0
Cabinet2,20663981051,1,1,708.0000,568.0000,0,0
Cabinet2,20663981052,1,1,708.0000,568.0000,0,0
Cabinet2,20663981054,1,1,671.0000,507.0000,0,0
Cabinet2,20663981063,1,1,708.0000,341.0000,0,0
Cabinet2,20663981064,1,1,708.0000,341.0000,0,0
Cabinet2,20663981065,1,0,276.0000,340.0000,0,0
Cabinet2,20663981069,1,1,708.0000,358.0000,0,0
Cabinet2,20663981070,1,1,861.0000,357.0000,0,0
Cabinet2,20663981071,1,1,708.0000,358.0000,0,0
Cabinet2,20663981072,1,0,860.0000,303.0000,0,0
Cabinet2,20663981075,1,0,861.0000,357.0000,0,0
Cabinet2,20663981081,1,1,708.0000,358.0000,0,0
Cabinet2,20663981082,1,1,421.0000,357.0000,0,0
Cabinet2,20663981083,1,1,708.0000,358.0000,0,0
Cabinet2,20663981084,1,0,420.0000,303.0000,0,0
Cabinet2,20663981086,1,0,421.0000,357.0000,0,0
Cabinet2,20663981088,1,1,708.0000,376.0000,0,0
Cabinet2,20663981089,1,1,623.0000,375.0000,0,0
Cabinet2,20663981090,1,1,708.0000,376.0000,0,0
Cabinet2,20663981091,1,0,622.0000,321.0000,0,0
Cabinet2,20663981094,1,0,623.0000,375.0000,0,0
Cabinet2,20663981097,1,1,358.0000,376.0000,0,0
Cabinet2,20663981098,1,1,571.0000,375.0000,0,0
Cabinet2,20663981099,1,1,358.0000,376.0000,0,0
Cabinet2,20663981100,1,0,571.0000,375.0000,0,0
Cabinet2,20663981103,1,1,358.0000,358.0000,0,0
Cabinet2,20663981104,1,1,571.0000,358.0000,0,0
Cabinet2,20663981105,1,1,321.0000,571.0000,0,0
Cabinet2,20663981106,1,1,358.0000,358.0000,0,0
Cabinet2,20663981107,1,0,358.0000,571.0000,0,0
Cabinet2,20663981108,1,1,321.0000,339.0000,0,0
Cabinet2,20688201002,1,1,708.0000,568.0000,0,0
Cabinet2,20688201003,1,1,708.0000,568.0000,0,0
Cabinet2,20688201004,1,0,621.0000,567.0000,0,0
Cabinet2,20688201007,1,0,620.0000,474.0000,0,0
Cabinet2,20688201012,1,1,708.0000,568.0000,0,0
Cabinet2,20688201013,1,1,708.0000,568.0000,0,0
Cabinet2,20688201014,1,0,771.0000,518.0000,0,0
Cabinet2,20688201017,1,1,708.0000,568.0000,0,0
Cabinet2,20688201018,1,1,708.0000,568.0000,0,0
Cabinet2,20688201022,1,1,671.0000,552.0000,0,0
Cabinet2,20688201024,1,0,861.0000,567.0000,0,0
Cabinet2,20688201025,1,0,860.0000,474.0000,0,0
Cabinet2,20688201029,1,1,708.0000,568.0000,0,0
Cabinet2,20688201030,1,1,708.0000,568.0000,0,0
Cabinet2,20688201031,1,0,641.0000,567.0000,0,0
Cabinet2,20688201034,1,0,640.0000,474.0000,0,0
Cabinet2,20688201040,1,1,708.0000,568.0000,0,0
Cabinet2,20688201041,1,1,708.0000,568.0000,0,0
Cabinet2,20688201045,1,1,689.0000,268.0000,0,0
Cabinet2,20688201049,1,1,671.0000,564.0000,0,0
Cabinet2,20688201050,1,1,708.0000,568.0000,0,0
Cabinet2,20688201051,1,1,708.0000,308.0000,0,0
Cabinet2,20688201058,1,1,708.0000,568.0000,0,0
Cabinet2,20688201059,1,1,708.0000,568.0000,0,0
Cabinet2,20688201065,1,1,758.0000,358.0000,0,0
Cabinet2,20688201066,1,1,881.0000,357.0000,0,0
Cabinet2,20688201067,1,1,758.0000,358.0000,0,0
Cabinet2,20688201068,1,0,880.0000,303.0000,0,0
Cabinet2,20688201071,1,0,881.0000,357.0000,0,0
Cabinet2,20688201075,1,1,758.0000,358.0000,0,0
Cabinet2,20688201083,1,1,458.0000,358.0000,0,0
Cabinet2,20688201084,1,1,881.0000,357.0000,0,0
Cabinet2,20688201085,1,1,458.0000,358.0000,0,0
Cabinet2,20688201088,1,0,881.0000,357.0000,0,0
Cabinet2,20688201091,1,1,758.0000,358.0000,0,0
Cabinet2,20688201092,1,1,751.0000,357.0000,0,0
Cabinet2,20688201093,1,1,758.0000,358.0000,0,0
Cabinet2,20688201094,1,0,750.0000,303.0000,0,0
Cabinet2,20688201097,1,0,751.0000,357.0000,0,0
Cabinet2,20688201100,1,1,758.0000,358.0000,0,0
Cabinet2,20688201101,1,1,561.0000,357.0000,0,0
Cabinet2,20688201102,1,1,758.0000,358.0000,0,0
Cabinet2,20688201103,1,0,560.0000,303.0000,0,0
Cabinet2,20688201106,1,0,561.0000,357.0000,0,0
Cabinet2,20688201109,1,1,588.0000,358.0000,0,0
Cabinet2,20688201110,1,1,881.0000,357.0000,0,0
Cabinet2,20688201111,1,1,588.0000,358.0000,0,0
Cabinet2,20688201112,1,0,569.5000,881.0000,0,0
Cabinet2,20688201125,1,1,251.0000,801.0000,0,0
Cabinet2,20688201130,1,1,251.0000,611.0000,0,0
Cabinet2,20688201146,1,0,708.0000,568.0000,0,0
Cabinet2,20687051001,1,0,571.0000,517.0000,0,0
Cabinet2,20687051002,1,1,2208.0000,568.0000,0,0
Cabinet2,20687051003,1,0,571.0000,517.0000,0,0
Cabinet2,20687051004,1,1,2208.0000,568.0000,0,0
Cabinet2,20687051005,1,0,570.0000,448.0000,0,0
Cabinet2,20687051006,1,0,571.0000,518.0000,0,0
Cabinet2,20687051007,1,0,571.0000,518.0000,0,0
Cabinet2,20687051008,1,0,571.0000,518.0000,0,0
Cabinet2,20687051019,1,1,708.0000,568.0000,0,0
Cabinet2,20687051020,1,1,708.0000,398.0000,0,0
Cabinet2,20687051021,1,1,689.0000,308.0000,0,0
Cabinet2,20687051029,1,1,689.0000,221.0000,0,0
Cabinet2,20687051030,1,1,689.0000,238.0000,0,0
Cabinet2,20687051033,1,1,671.0000,390.0000,0,0
Cabinet2,20687051035,1,1,708.0000,338.0000,0,0
Cabinet2,20687051037,1,1,708.0000,568.0000,0,0
Cabinet2,20687051042,1,1,689.0000,278.0000,0,0
Cabinet2,20687051048,1,1,708.0000,258.0000,0,0
Cabinet2,20687051049,1,1,708.0000,408.0000,0,0
Cabinet2,20687051053,1,1,708.0000,408.0000,0,0
Cabinet2,20687051054,1,1,708.0000,258.0000,0,0
Cabinet2,20687051055,1,1,689.0000,542.0000,0,0
Cabinet2,20687051064,1,1,708.0000,568.0000,0,0
Cabinet2,20687051065,1,1,708.0000,568.0000,0,0
Cabinet2,20687051071,1,0,421.0000,567.0000,0,0
Cabinet2,20687051072,1,0,420.0000,474.0000,0,0
Cabinet2,20687051075,1,0,571.0000,518.0000,0,0
Cabinet2,20687051078,1,1,708.0000,568.0000,0,0
Cabinet2,20687051079,1,1,708.0000,568.0000,0,0
Cabinet2,20687051088,1,1,708.0000,338.0000,0,0
Cabinet2,20687051101,1,1,358.0000,338.0000,0,0
Cabinet2,20687051102,1,1,636.0000,337.0000,0,0
Cabinet2,20687051103,1,1,358.0000,338.0000,0,0
Cabinet2,20687051104,1,0,636.0000,337.0000,0,0
Cabinet2,20687051108,1,1,708.0000,338.0000,0,0
Cabinet2,20687051109,1,1,671.0000,256.0000,0,0
Cabinet2,20687051110,1,1,671.0000,238.0000,0,0
Cabinet2,20687051117,1,0,308.0000,238.0000,0,0
Cabinet2,20687051120,1,1,598.0000,338.0000,0,0
Cabinet2,20687051121,1,1,211.0000,337.0000,0,0
Cabinet2,20687051122,1,1,598.0000,338.0000,0,0
Cabinet2,20687051123,1,0,211.0000,337.0000,0,0
Cabinet2,20687051124,1,0,210.0000,283.0000,0,0
Cabinet2,20687051127,1,1,598.0000,338.0000,0,0
Cabinet2,20687051128,1,1,211.0000,337.0000,0,0
Cabinet2,20687051129,1,1,598.0000,338.0000,0,0
Cabinet2,20687051130,1,0,211.0000,337.0000,0,0
Cabinet2,20687051131,1,0,210.0000,283.0000,0,0
Cabinet2,20711281003,1,0,771.0000,518.0000,0,0
Cabinet2,20711281004,1,1,708.0000,568.0000,0,0
Cabinet2,20711281005,1,1,708.0000,568.0000,0,0
Cabinet2,20711281010,1,1,689.0000,368.0000,0,0
Cabinet2,20711281011,1,1,689.0000,458.0000,0,0
Cabinet2,20711281015,1,1,614.0000,655.0000,0,0
Cabinet2,20711281019,1,1,708.0000,568.0000,0,0
Cabinet2,20711281028,1,1,818.0000,568.0000,0,0
Cabinet2,20711281029,1,1,818.0000,568.0000,0,0
Cabinet2,20711281031,1,1,412.0000,468.0000,0,0
Cabinet2,20711281033,1,0,571.0000,567.0000,0,0
Cabinet2,20711281034,1,0,571.0000,517.0000,0,0
Cabinet2,20711281035,1,0,571.0000,480.0000,0,0
Cabinet2,20711281041,1,1,1808.0000,568.0000,0,0
Cabinet2,20711281042,1,1,1808.0000,568.0000,0,0
Cabinet2,20711281046,1,0,571.0000,517.0000,0,0
Cabinet2,20711281047,1,0,571.0000,517.0000,0,0
Cabinet2,20711281053,1,1,708.0000,568.0000,0,0
Cabinet2,20711281054,1,1,708.0000,568.0000,0,0
Cabinet2,20711281060,1,1,708.0000,568.0000,0,0
Cabinet2,20711281061,1,1,708.0000,568.0000,0,0
Cabinet2,20711281062,1,0,611.0000,567.0000,0,0
Cabinet2,20711281064,1,1,611.0000,567.0000,0,0
Cabinet2,20711281070,1,0,471.0000,567.0000,0,0
Cabinet2,20711281071,1,0,470.0000,474.0000,0,0
Cabinet2,20711281072,1,1,708.0000,568.0000,0,0
Cabinet2,20711281073,1,1,708.0000,568.0000,0,0
Cabinet2,20711281079,1,0,771.0000,567.0000,0,0
Cabinet2,20711281080,1,1,708.0000,568.0000,0,0
Cabinet2,20711281081,1,1,708.0000,568.0000,0,0
Cabinet2,20710131001,1,0,872.0000,508.0000,0,0
Cabinet2,20710131003,1,1,689.0000,208.0000,0,0
Cabinet2,20710131007,1,1,708.0000,788.0000,0,0
Cabinet2,20710131008,1,1,708.0000,588.0000,0,0
Cabinet2,20710131014,1,0,567.0000,321.0000,0,0
Cabinet2,20710131016,1,0,320.0000,474.0000,0,0
Cabinet2,20710131019,1,1,708.0000,568.0000,0,0
Cabinet2,20710131020,1,1,708.0000,568.0000,0,0
Cabinet2,20710131024,1,0,871.0000,518.0000,0,0
Cabinet2,20710131025,1,1,708.0000,568.0000,0,0
Cabinet2,20710131026,1,1,708.0000,568.0000,0,0
Cabinet2,20710131033,1,1,708.0000,568.0000,0,0
Cabinet2,20710131034,1,1,708.0000,568.0000,0,0
Cabinet2,20710131035,1,0,771.0000,567.0000,0,0
Cabinet2,20710131040,1,0,770.0000,474.0000,0,0
Cabinet2,20710131043,1,0,581.0000,517.0000,0,0
Cabinet2,20710131044,1,1,2108.0000,568.0000,0,0
Cabinet2,20710131046,1,1,2108.0000,568.0000,0,0
Cabinet2,20710131047,1,0,581.0000,517.0000,0,0
Cabinet2,20710131048,1,0,581.0000,517.0000,0,0
Cabinet2,20710131060,1,1,708.0000,358.0000,0,0
Cabinet2,20710131061,1,1,771.0000,357.0000,0,0
Cabinet2,20710131062,1,1,708.0000,358.0000,0,0
Cabinet2,20710131063,1,0,770.0000,303.0000,0,0
Cabinet2,20710131066,1,0,771.0000,357.0000,0,0
Cabinet2,20710131069,1,1,578.0000,358.0000,0,0
Cabinet2,20710131071,1,1,578.0000,358.0000,0,0
Cabinet2,20710131076,1,1,578.0000,358.0000,0,0
Cabinet2,20710131078,1,1,578.0000,358.0000,0,0
Cabinet2,20710131095,1,1,708.0000,358.0000,0,0
Cabinet2,20710131096,1,1,321.0000,357.0000,0,0
Cabinet2,20710131097,1,1,708.0000,358.0000,0,0
Cabinet2,20710131098,1,0,320.0000,303.0000,0,0
Cabinet2,20710131100,1,0,321.0000,357.0000,0,0
Cabinet2,20712531004,1,1,708.0000,568.0000,0,0
Cabinet2,20712531005,1,1,708.0000,568.0000,0,0
Cabinet2,20712531010,1,0,271.0000,567.0000,0,0
Cabinet2,20712531013,1,1,708.0000,568.0000,0,0
Cabinet2,20712531014,1,1,708.0000,568.0000,0,0
Cabinet2,20712531018,1,0,771.0000,518.0000,0,0
Cabinet2,20712531019,1,1,708.0000,568.0000,0,0
Cabinet2,20712531020,1,1,708.0000,568.0000,0,0
Cabinet2,20712531025,1,0,402.0000,266.0000,0,0
Cabinet2,20712531028,1,1,708.0000,403.0000,0,0
Cabinet2,20712531029,1,1,708.0000,403.0000,0,0
Cabinet2,20712531039,1,1,751.0000,357.0000,0,0
Cabinet2,20712531041,1,0,751.0000,333.0000,0,0
Cabinet2,20712531042,1,1,708.0000,358.0000,0,0
Cabinet2,20712531043,1,1,708.0000,358.0000,0,0
Cabinet2,20712531044,1,0,751.0000,333.0000,0,0
Cabinet2,20712531045,1,0,751.0000,357.0000,0,0
Cabinet2,20712531050,1,1,708.0000,358.0000,0,0
Cabinet2,20712531051,1,1,771.0000,357.0000,0,0
Cabinet2,20712531052,1,0,708.0000,358.0000,0,0
Cabinet2,20712531053,1,0,771.0000,357.0000,0,0
Cabinet2,20712531054,1,0,770.0000,303.0000,0,0
Cabinet2,20712531059,1,1,403.0000,338.0000,0,0
Cabinet2,20712531061,1,1,403.0000,338.0000,0,0
Cabinet2,20712531067,1,0,403.0000,358.0000,0,0
Cabinet2,20688201053+20688201079+20688201061,1,0,1086.5000,567.0000,0,0
Cabinet2,20687051091+20688201123,1,1,297.5000,455.0000,0,0
Cabinet2,20687051058+20687051061+20687051027,1,0,1335.0000,426.0000,0,0
Cabinet2,20711281017+20711281018+20663981021,1,0,1709.5000,597.0000,0,0
Cabinet2,20687051111+20688201078,1,1,1025.5000,357.0000,0,0
Cabinet2,20687051092+20687051093,1,0,274.0500,455.5000,0,0
Cabinet2,20687051113+20710131073,1,0,824.5000,283.0000,0,0
Cabinet2,20687051024+20687051047,1,0,407.0000,1248.0000,0,0
Cabinet2,20688201054+20688201080,1,0,1013.0000,475.0000,0,0
Cabinet2,20687051050+20687051112,1,0,1391.5000,337.0000,0,0
Cabinet2,20648361003,1,0,571.0000,108.0000,0,0
Cabinet2,20648361004,1,0,571.0000,68.0000,0,0
Cabinet2,20648361008,1,1,659.0000,161.0000,0,0
Cabinet2,20648361009,1,1,659.0000,176.0000,0,0
Cabinet2,20648361010,1,0,991.0000,108.0000,0,0
Cabinet2,20648361011,1,0,1144.0000,68.0000,0,0
Cabinet2,20648361012,1,0,641.0000,68.0000,0,0
Cabinet2,20648361016,1,0,991.0000,108.0000,0,0
Cabinet2,20648361020,1,0,871.0000,108.0000,0,0
Cabinet2,20648361025,1,0,871.0000,68.0000,0,0
Cabinet2,20648361026,1,0,871.0000,68.0000,0,0
Cabinet2,20648361031,1,0,371.0000,108.0000,0,0
Cabinet2,20648361032,1,0,68.0000,371.0000,0,0
Cabinet2,20648361040,1,0,343.0000,108.0000,0,0
Cabinet2,20648361041,1,0,68.0000,343.0000,0,0
Cabinet2,20648361046,1,0,1018.0000,108.0000,0,0
Cabinet2,20648361047,1,0,1018.0000,68.0000,0,0
Cabinet2,20648361050,1,0,641.0000,68.0000,0,0
Cabinet2,20648361069,1,1,927.0000,108.0000,0,0
Cabinet2,20648361086,1,0,678.0000,73.0000,0,0
Cabinet2,20648361088,1,0,678.0000,73.0000,0,0
Cabinet2,20648361090,1,0,678.0000,73.0000,0,0
Cabinet2,20648361101,1,0,808.0000,108.0000,0,0
Cabinet2,20648361128,1,0,860.0000,73.0000,0,0
Cabinet2,20648361129,1,0,73.0000,368.0000,0,0
Cabinet2,20663981005,1,0,861.0000,108.0000,0,0
Cabinet2,20663981006,1,0,68.0000,861.0000,0,0
Cabinet2,20663981010,1,0,871.0000,108.0000,0,0
Cabinet2,20663981022,1,0,68.0000,471.0000,0,0
Cabinet2,20663981025,1,1,708.0000,150.0000,0,0
Cabinet2,20663981026,1,1,708.0000,150.0000,0,0
Cabinet2,20663981027,1,0,516.0000,149.0000,0,0
Cabinet2,20663981028,1,0,516.0000,108.0000,0,0
Cabinet2,20663981029,1,0,68.0000,516.0000,0,0
Cabinet2,20663981035,1,0,298.0000,108.0000,0,0
Cabinet2,20663981036,1,0,68.0000,298.0000,0,0
Cabinet2,20663981039,1,0,571.0000,108.0000,0,0
Cabinet2,20663981040,1,0,571.0000,68.0000,0,0
Cabinet2,20663981053,1,0,1164.0000,108.0000,0,0
Cabinet2,20663981055,1,0,671.0000,68.0000,0,0
Cabinet2,20663981057,1,0,1164.0000,108.0000,0,0
Cabinet2,20663981058,1,0,1164.0000,68.0000,0,0
Cabinet2,20663981066,1,0,276.0000,108.0000,0,0
Cabinet2,20663981067,1,0,68.0000,276.0000,0,0
Cabinet2,20663981073,1,0,861.0000,108.0000,0,0
Cabinet2,20663981078,1,0,908.0000,73.0000,0,0
Cabinet2,20663981092,1,0,623.0000,108.0000,0,0
Cabinet2,20663981111,1,0,708.0000,58.0000,0,0
Cabinet2,20663981113,1,0,708.0000,58.0000,0,0
Cabinet2,20663981115,1,0,690.0000,58.0000,0,0
Cabinet2,20663981116,1,0,58.0000,358.0000,0,0
Cabinet2,20663981118,1,0,690.0000,58.0000,0,0
Cabinet2,20663981119,1,0,58.0000,358.0000,0,0
Cabinet2,20663981122,1,0,608.0000,88.0000,0,0
Cabinet2,20688201005,1,0,621.0000,108.0000,0,0
Cabinet2,20688201006,1,0,68.0000,621.0000,0,0
Cabinet2,20688201010,1,0,771.0000,108.0000,0,0
Cabinet2,20688201019,1,0,861.0000,108.0000,0,0
Cabinet2,20688201020,1,0,861.0000,68.0000,0,0
Cabinet2,20688201023,1,0,671.0000,68.0000,0,0
Cabinet2,20688201032,1,0,641.0000,108.0000,0,0
Cabinet2,20688201033,1,0,68.0000,641.0000,0,0
Cabinet2,20688201038,1,0,771.0000,108.0000,0,0
Cabinet2,20688201039,1,0,771.0000,108.0000,0,0
Cabinet2,20688201044,1,1,689.0000,168.0000,0,0
Cabinet2,20688201046,1,0,711.0000,108.0000,0,0
Cabinet2,20688201047,1,0,871.0000,68.0000,0,0
Cabinet2,20688201052,1,0,671.0000,68.0000,0,0
Cabinet2,20688201060,1,0,171.0000,567.0000,0,0
Cabinet2,20688201062,1,0,68.0000,171.0000,0,0
Cabinet2,20688201063,1,0,170.0000,474.0000,0,0
Cabinet2,20688201069,1,1,881.0000,108.0000,0,0
Cabinet2,20688201074,1,1,758.0000,192.0000,0,0
Cabinet2,20688201076,1,1,721.0000,193.0000,0,0
Cabinet2,20688201077,1,1,721.0000,174.0000,0,0
Cabinet2,20688201086,1,0,881.0000,108.0000,0,0
Cabinet2,20688201095,1,0,751.0000,108.0000,0,0
Cabinet2,20688201104,1,0,561.0000,108.0000,0,0
Cabinet2,20688201115,1,0,840.0000,68.0000,0,0
Cabinet2,20688201116,1,0,68.0000,358.0000,0,0
Cabinet2,20688201118,1,0,840.0000,68.0000,0,0
Cabinet2,20688201119,1,0,68.0000,358.0000,0,0
Cabinet2,20688201122,1,0,2248.0000,88.0000,0,0
Cabinet2,20688201124,1,0,801.0000,158.0000,0,0
Cabinet2,20688201126,1,0,288.0000,158.0000,0,0
Cabinet2,20688201127,1,0,158.0000,801.0000,0,0
Cabinet2,20688201128,1,1,288.0000,158.0000,0,0
Cabinet2,20688201129,1,0,611.0000,158.0000,0,0
Cabinet2,20688201131,1,0,288.0000,158.0000,0,0
Cabinet2,20688201132,1,0,158.0000,611.0000,0,0
Cabinet2,20688201133,1,0,840.0000,68.0000,0,0
Cabinet2,20688201134,1,0,68.0000,358.0000,0,0
Cabinet2,20688201136,1,0,540.0000,68.0000,0,0
Cabinet2,20688201137,1,0,68.0000,358.0000,0,0
Cabinet2,20688201140,1,0,2238.0000,88.0000,0,0
Cabinet2,20688201143,1,0,690.0000,44.0000,0,0
Cabinet2,20688201144,1,0,44.0000,568.0000,0,0
Cabinet2,20687051022,1,1,689.0000,178.0000,0,0
Cabinet2,20687051023,1,0,101.0000,108.0000,0,0
Cabinet2,20687051026,1,0,401.0000,68.0000,0,0
Cabinet2,20687051031,1,0,1059.0000,108.0000,0,0
Cabinet2,20687051032,1,0,1271.0000,68.0000,0,0
Cabinet2,20687051034,1,1,671.0000,68.0000,0,0
Cabinet2,20687051038,1,0,1059.0000,108.0000,0,0
Cabinet2,20687051043,1,1,689.0000,158.0000,0,0
Cabinet2,20687051044,1,0,581.0000,108.0000,0,0
Cabinet2,20687051046,1,0,851.0000,68.0000,0,0
Cabinet2,20687051056,1,1,689.0000,158.0000,0,0
Cabinet2,20687051057,1,0,237.0000,108.0000,0,0
Cabinet2,20687051060,1,0,771.0000,68.0000,0,0
Cabinet2,20687051066,1,0,421.0000,108.0000,0,0
Cabinet2,20687051067,1,0,421.0000,68.0000,0,0
Cabinet2,20687051069,1,1,671.0000,140.0000,0,0
Cabinet2,20687051070,1,0,671.0000,68.0000,0,0
Cabinet2,20687051076,1,0,571.0000,108.0000,0,0
Cabinet2,20687051077,1,0,571.0000,68.0000,0,0
Cabinet2,20687051085,1,0,708.0000,58.0000,0,0
Cabinet2,20687051087,1,1,708.0000,168.0000,0,0
Cabinet2,20687051089,1,1,671.0000,158.0000,0,0
Cabinet2,20687051090,1,1,671.0000,178.0000,0,0
Cabinet2,20687051107,1,1,708.0000,108.0000,0,0
Cabinet2,20687051118,1,0,308.0000,158.0000,0,0
Cabinet2,20687051140,1,0,690.0000,58.0000,0,0
Cabinet2,20687051141,1,0,58.0000,338.0000,0,0
Cabinet2,20687051143,1,0,158.0000,338.0000,0,0
Cabinet2,20687051144,1,0,708.0000,68.0000,0,0
Cabinet2,20711281001,1,0,771.0000,108.0000,0,0
Cabinet2,20711281006,1,0,771.0000,68.0000,0,0
Cabinet2,20711281007,1,0,771.0000,68.0000,0,0
Cabinet2,20711281012,1,0,846.0000,108.0000,0,0
Cabinet2,20711281013,1,0,1206.0000,68.0000,0,0
Cabinet2,20711281016,1,1,614.0000,68.0000,0,0
Cabinet2,20711281020,1,1,708.0000,118.0000,0,0
Cabinet2,20711281025,1,0,421.0000,108.0000,0,0
Cabinet2,20711281026,1,0,421.0000,108.0000,0,0
Cabinet2,20711281027,1,0,412.0000,58.0000,0,0
Cabinet2,20711281030,1,0,421.0000,68.0000,0,0
Cabinet2,20711281038,1,0,571.0000,68.0000,0,0
Cabinet2,20711281051,1,0,771.0000,108.0000,0,0
Cabinet2,20711281052,1,0,771.0000,108.0000,0,0
Cabinet2,20711281055,1,0,771.0000,68.0000,0,0
Cabinet2,20711281063,1,0,611.0000,108.0000,0,0
Cabinet2,20711281065,1,0,471.0000,108.0000,0,0
Cabinet2,20711281066,1,0,471.0000,68.0000,0,0
Cabinet2,20711281068,1,0,614.0000,40.0000,0,0
Cabinet2,20711281069,1,0,614.0000,68.0000,0,0
Cabinet2,20711281077,1,0,771.0000,108.0000,0,0
Cabinet2,20711281082,1,0,771.0000,68.0000,0,0
Cabinet2,20711281083,1,0,771.0000,68.0000,0,0
Cabinet2,20710131002,1,1,689.0000,188.0000,0,0
Cabinet2,20710131004,1,0,892.0000,108.0000,0,0
Cabinet2,20710131005,1,0,1071.0000,68.0000,0,0
Cabinet2,20710131009,1,0,1108.0000,63.0000,0,0
Cabinet2,20710131010,1,0,892.0000,108.0000,0,0
Cabinet2,20710131015,1,0,321.0000,108.0000,0,0
Cabinet2,20710131017,1,0,68.0000,321.0000,0,0
Cabinet2,20710131018,1,0,358.0000,63.0000,0,0
Cabinet2,20710131022,1,0,871.0000,108.0000,0,0
Cabinet2,20710131027,1,0,871.0000,68.0000,0,0
Cabinet2,20710131028,1,0,871.0000,68.0000,0,0
Cabinet2,20710131029,1,0,908.0000,63.0000,0,0
Cabinet2,20710131030,1,0,908.0000,63.0000,0,0
Cabinet2,20710131037,1,0,771.0000,108.0000,0,0
Cabinet2,20710131038,1,0,808.0000,63.0000,0,0
Cabinet2,20710131039,1,0,68.0000,771.0000,0,0
Cabinet2,20710131045,1,0,581.0000,108.0000,0,0
Cabinet2,20710131053,1,0,708.0000,38.0000,0,0
Cabinet2,20710131055,1,0,708.0000,38.0000,0,0
Cabinet2,20710131057,1,0,708.0000,38.0000,0,0
Cabinet2,20710131064,1,0,771.0000,108.0000,0,0
Cabinet2,20710131070,1,1,191.0000,357.0000,0,0
Cabinet2,20710131072,1,0,191.0000,357.0000,0,0
Cabinet2,20710131077,1,1,191.0000,357.0000,0,0
Cabinet2,20710131079,1,0,191.0000,357.0000,0,0
Cabinet2,20710131080,1,0,190.0000,303.0000,0,0
Cabinet2,20710131085,1,0,2048.0000,88.0000,0,0
Cabinet2,20710131087,1,0,618.0000,88.0000,0,0
Cabinet2,20710131089,1,0,528.0000,88.0000,0,0
Cabinet2,20710131091,1,0,528.0000,88.0000,0,0
Cabinet2,20712531002,1,0,661.0000,108.0000,0,0
Cabinet2,20712531003,1,0,661.0000,108.0000,0,0
Cabinet2,20712531006,1,0,661.0000,68.0000,0,0
Cabinet2,20712531011,1,0,271.0000,108.0000,0,0
Cabinet2,20712531012,1,0,68.0000,271.0000,0,0
Cabinet2,20712531016,1,0,771.0000,108.0000,0,0
Cabinet2,20712531021,1,0,771.0000,68.0000,0,0
Cabinet2,20712531022,1,0,771.0000,68.0000,0,0
Cabinet2,20712531026,1,0,266.0000,108.0000,0,0
Cabinet2,20712531027,1,0,68.0000,266.0000,0,0
Cabinet2,20712531031,1,0,266.0000,108.0000,0,0
Cabinet2,20712531035,1,0,708.0000,184.0000,0,0
Cabinet2,20712531037,1,0,708.0000,58.0000,0,0
Cabinet2,20712531040,1,0,751.0000,108.0000,0,0
Cabinet2,20712531055,1,1,771.0000,108.0000,0,0
Cabinet2,20712531060,1,1,171.0000,337.0000,0,0
Cabinet2,20712531062,1,0,171.0000,337.0000,0,0
Cabinet2,20712531063,1,0,170.0000,283.0000,0,0
Cabinet2,20712531069,1,0,690.0000,58.0000,0,0
Cabinet2,20712531070,1,0,58.0000,358.0000,0,0
Cabinet2,20712531073,1,0,378.0000,88.0000,0,0
Cabinet2,20712531075,1,0,388.0000,88.0000,0,0
Cabinet2,20712531077,1,0,368.0000,88.0000,0,0
Cabinet2,20712531079,1,0,368.0000,88.0000,0,0
Cabinet2,20712531081,1,0,373.0000,88.0000,0,0
Cabinet2,20712531083,1,0,373.0000,88.0000,0,0
Cabinet2,20712531085,1,0,318.0000,88.0000,0,0
Cabinet2,20712531086,1,0,2108.0000,88.0000,0,0
