Container length: 24400
Container width: 12200
Boxes Volume: 2.8963785E8
Container Volume: 297680000
Utilization: 97.29839088954583

Packed Boxes: 16
format: x y length width
0 0  5780 4480
0 6190  4400 6010
4400 6190  4375 6010
0 4480  6460 1080
0 5560  11040 580
5780 0  5780 4480
8775 6190  4375 6010
6460 4480  4570 1080
11560 0  4180 5780
13150 6620  4570 5580
15740 0  4400 6010
17720 6190  4395 6010
13150 6040  2580 580
20140 0  4180 5780
22115 7320  580 4880
22695 6190  1580 6010

numOfBlemishes: 0
