Container length: 24400
Container width: 12200
Boxes Volume: 2.864923E8
Container Volume: 297680000
Utilization: 96.24170249932814

Packed Boxes: 33
format: x y length width
0 0  5780 4480
18620 0  5780 4480
18620 7720  5780 4480
0 8020  5780 4180
0 4550  3480 3470
19820 4480  4580 1280
19820 6440  4580 1280
5780 0  4260 1280
13740 11120  4880 1080
14050 0  4570 1080
5780 11120  4570 1080
19520 5760  4880 580
13770 9270  4850 1850
5780 5070  4900 6050
12160 1080  6460 580
5780 1280  4850 1850
17710 1660  910 4250
3480 4940  680 3080
4160 4550  580 3470
11930 1660  5780 4180
13770 7420  4850 1850
5780 3130  4850 1850
4740 5280  580 2740
15570 6510  4250 910
18640 4480  880 1800
10040 0  3470 580
12830 7950  910 4250
10680 2480  580 9720
11260 7630  580 4570
12180 5930  6460 580
11920 7990  910 4210
11260 580  580 5780
11320 6510  4250 910

numOfBlemishes: 0
