Container length: 24400
Container width: 12200
Boxes Volume: 2.799324E8
Container Volume: 297680000
Utilization: 94.03802741198602

Packed Boxes: 27
format: x y length width
0 0  5780 4480
18620 0  5780 4480
18620 7720  5780 4480
0 8020  5780 4180
0 4550  3480 3470
19820 4480  4580 1280
19820 6440  4580 1280
5780 0  4260 1280
13740 11120  4880 1080
14050 0  4570 1080
5780 11120  4570 1080
5780 1280  6050 4900
11830 1080  4180 5780
5780 6860  4850 1850
10630 6860  4850 1850
5780 8710  11040 1720
16010 1080  1850 4850
16820 5930  910 4250
5780 10430  12020 680
3480 4480  580 3470
17860 1080  580 9720
4060 4480  580 3470
4640 6180  6460 580
18440 4480  580 2740
10040 0  3080 680
10350 11110  1800 880
19020 5760  4800 680

numOfBlemishes: 0
