Container length: 24400
Container width: 12200
Boxes Volume: 2.908194E8
Container Volume: 297680000
Utilization: 97.69531040042999

Packed Boxes: 16
format: x y length width
0 0  7080 5680
17320 0  7080 5680
17320 6520  7080 5680
0 5790  5170 6410
5170 8620  4580 3580
10240 0  7080 5680
10240 6520  7080 5680
7080 0  2880 1580
7080 1580  1610 6590
15800 5680  8600 730
5170 5790  1700 2830
8690 1580  880 3180
9570 1580  580 6900
8690 4840  880 3780
12820 5680  2980 680
10150 5680  2660 680

numOfBlemishes: 0
