Container length: 24400
Container width: 12200
Boxes Volume: 2.907048E8
Container Volume: 297680000
Utilization: 97.65681268476217

Packed Boxes: 16
format: x y length width
0 0  7080 5680
17320 0  7080 5680
17320 6520  7080 5680
0 6520  7080 5680
7080 0  3580 7080
11640 0  5680 7080
10240 8620  7080 3580
0 5680  6610 680
17990 5680  6410 680
7080 9320  1580 2880
8660 9320  1580 2880
7080 8240  2980 1080
12160 7130  5160 1490
10660 0  880 5280
7080 7160  2660 1080
9740 7160  2370 1080

numOfBlemishes: 0
