Container length: 24400
Container width: 12200
Boxes Volume: 2.882067E8
Container Volume: 297680000
Utilization: 96.81762295081967

Packed Boxes: 16
format: x y length width
0 0  7080 5680
17320 0  7080 5680
17320 6520  7080 5680
0 6520  7080 5680
7080 0  3580 7080
11640 0  5680 7080
10240 8620  7080 3580
0 5680  7080 580
17320 5680  7080 580
7080 7490  680 4710
7760 7490  680 4710
8440 8830  1710 3370
8610 7940  8710 680
10660 0  580 7080
12160 7260  5160 680
8440 7260  3710 680

numOfBlemishes: 0
