Container length: 24400
Container width: 12200
Boxes Volume: 2.909346E8
Container Volume: 297680000
Utilization: 97.7340096748186

Packed Boxes: 16
format: x y length width
0 0  7080 5680
20820 0  3580 7080
0 6520  7080 5680
17320 8620  7080 3580
15140 0  5680 7080
7080 0  7080 5680
7080 6520  7080 5680
20820 7940  3580 680
14220 7260  10180 680
0 5680  8710 680
14240 10620  3080 1580
14210 7940  6610 680
14290 8720  3030 1900
14460 0  680 4210
14460 4210  680 2980
8710 5680  5710 680

numOfBlemishes: 0
