Container length: 24400
Container width: 12200
Boxes Volume: 2.93141E8
Container Volume: 297680000
Utilization: 98.4752082773448

Packed Boxes: 17
format: x y length width
0 0  3580 7580
17320 0  7080 5680
17320 6520  7080 5680
0 8530  8080 3670
3580 0  5680 7080
13750 0  3570 7510
9810 8630  7510 3570
9260 0  3580 7580
0 7650  3730 880
17690 5680  6710 680
3730 7800  9080 730
8080 8620  580 3580
3730 7120  5400 680
8660 8770  1080 3430
12870 0  880 3680
13110 7550  4210 1080
12870 3680  880 3680

numOfBlemishes: 0
