Container length: 24400
Container width: 12200
Boxes Volume: 2.92865E8
Container Volume: 297680000
Utilization: 98.38249126578876

Packed Boxes: 16
format: x y length width
16990 0  7410 3060
9480 10020  14920 2180
19320 4140  5080 5880
4180 3060  20220 1080
10860 4140  8460 5880
9580 0  7410 3060
2170 0  7410 3060
900 9120  8580 3080
9780 5440  1080 4580
2400 4140  8460 1080
2380 5240  7400 3880
890 0  1280 4580
20 7510  880 4690
10 0  880 6590
1800 5220  580 3900
920 5040  880 4080

numOfBlemishes: 0
