Container length: 24400
Container width: 12200
Boxes Volume: 2.9643145E8
Container Volume: 297680000
Utilization: 99.5805730986294

Packed Boxes: 22
format: x y length width
0 0  7080 3580
17320 0  7080 3580
17320 8620  7080 3580
0 8620  7080 3580
0 3580  7080 3580
21030 3580  3370 1710
7080 0  3430 8080
10510 0  5695 8810
7080 8810  3880 2760
16205 5290  7510 3330
10960 8810  5670 2710
0 7160  4210 1080
16205 3580  4740 1700
7080 11570  3580 630
10960 11520  2660 680
4210 7160  2710 1080
0 8240  7080 380
16205 0  1080 3430
13620 11520  2980 680
7080 8080  3430 680
16630 8620  680 3580
23715 5290  680 3210

numOfBlemishes: 0
