Container length: 24400
Container width: 12200
Boxes Volume: 2.924572E8
Container Volume: 297680000
Utilization: 98.24549852190272

Packed Boxes: 20
format: x y length width
0 0  7710 680
18690 7400  5710 4800
0 7450  14120 4750
15590 0  8810 3570
0 680  5600 3030
19660 3570  4740 3200
0 3710  8800 3030
0 6770  8710 680
16320 6770  8080 630
14360 8530  4330 3670
5600 680  9910 1080
5600 1760  9910 1080
7710 0  7710 680
16630 3570  3030 3200
5600 2840  8710 680
14480 7450  4210 1080
8920 3570  7710 1080
8920 4650  7710 1080
9420 6870  6900 580
8810 5790  7510 1080

numOfBlemishes: 0
