BatchNo,UPI,Qty,Color,Length,Width,IsSpecial,Rotatable
Others1,066563003,1,1,658.0000,558.0000,0,0
Others1,066564004,1,0,658.0000,558.0000,0,0
Others1,066565005,1,1,372.0000,558.0000,0,0
Others1,066569009,1,1,372.0000,526.0000,0,0
Others1,066573014,1,1,658.0000,558.0000,0,0
Others1,066574015,1,0,658.0000,558.0000,0,0
Others1,066575016,1,1,422.0000,558.0000,0,0
Others1,066579020,1,1,422.0000,526.0000,0,0
Others1,066581023,1,1,658.0000,558.0000,0,0
Others1,066582024,1,0,658.0000,558.0000,0,0
Others1,066588032,1,1,658.0000,558.0000,0,0
Others1,066589033,1,0,658.0000,558.0000,0,0
Others1,066590034,1,1,772.0000,558.0000,0,0
Others1,066598044,1,1,658.0000,358.0000,0,0
Others1,066599045,1,0,658.0000,358.0000,0,0
Others1,066606054,1,0,758.0000,358.0000,0,0
Others1,066611059,1,1,758.0000,358.0000,0,0
Others1,066612060,1,0,758.0000,358.0000,0,0
Others1,066613061,1,0,372.0000,358.0000,0,0
Others1,066614062,1,1,372.0000,358.0000,0,0
Others1,066615063,1,1,372.0000,336.5000,0,0
Others1,066616064,1,1,722.0000,372.0000,0,0
Others1,066622071,1,1,2208.0000,595.0000,0,0
Others1,066623072,1,0,2208.0000,595.0000,0,0
Others1,066624073,1,0,572.0000,595.0000,0,0
Others1,066625074,1,1,572.0000,595.0000,0,0
Others1,066629078,1,0,572.0000,594.5000,0,0
Others1,066630079,1,1,572.0000,594.5000,0,0
Others1,066631080,1,1,572.0000,565.0000,0,0
Others1,066632081,1,1,572.0000,593.5000,0,0
Others1,066635086,1,1,488.0000,595.0000,0,0
Others1,066636087,1,0,488.0000,595.0000,0,0
Others1,066637088,1,0,987.0000,595.0000,0,0
Others1,066638089,1,1,987.0000,595.0000,0,0
Others1,066639090,1,1,452.0000,987.0000,0,0
Others1,066644097,1,1,658.0000,538.0000,0,0
Others1,066652106,1,1,572.0000,558.0000,0,0
Others1,066657111,1,0,658.0000,558.0000,0,0
Others1,066673129,1,0,658.0000,558.0000,0,0
Others1,066678135+066568008,1,0,658.0000,558.0000,0,0
Others1,066683140+066656110+066680137,1,1,736.0000,646.0000,0,0
Others1,066674130+066682139+066646099,1,1,582.0000,994.0000,0,0
Others1,066562002,1,1,658.0000,58.0000,0,0
Others1,066567007,1,1,372.0000,88.0000,0,0
Others1,066572013,1,1,658.0000,58.0000,0,0
Others1,066577018,1,1,422.0000,88.0000,0,0
Others1,066578019,1,0,422.0000,68.0000,0,0
Others1,066584026,1,1,872.0000,88.0000,0,0
Others1,066585027,1,1,872.0000,88.0000,0,0
Others1,066592036,1,1,772.0000,88.0000,0,0
Others1,066593037,1,0,772.0000,68.0000,0,0
Others1,066597043,1,1,2208.0000,58.0000,0,0
Others1,066601047,1,1,640.0000,88.0000,0,0
Others1,066602048,1,1,640.0000,88.0000,0,0
Others1,066607055,1,0,358.0000,85.0000,0,0
Others1,066609057,1,1,740.0000,88.0000,0,0
Others1,066610058,1,0,358.0000,58.0000,0,0
Others1,066618067,1,0,1798.0000,58.0000,0,0
Others1,066620069,1,0,1468.0000,58.0000,0,0
Others1,066627076,1,1,572.0000,108.0000,0,0
Others1,066643096,1,0,658.0000,58.0000,0,0
Others1,066645098,1,0,658.0000,98.0000,0,0
Others1,066647100,1,0,422.0000,88.0000,0,0
Others1,066650104,1,0,470.0000,58.0000,0,0
Others1,066651105,1,0,595.0000,58.0000,0,0
Others1,066654108,1,1,572.0000,88.0000,0,0
Others1,066655109,1,0,572.0000,68.0000,0,0
Others1,066658112,1,1,408.0000,188.0000,0,0
Others1,066659113,1,1,408.0000,188.0000,0,0
Others1,066660114,1,1,510.0000,188.0000,0,0
Others1,066661115,1,1,510.0000,188.0000,0,0
Others1,066664119,1,1,408.0000,188.0000,0,0
Others1,066665120,1,1,408.0000,188.0000,0,0
Others1,066666121,1,1,510.0000,188.0000,0,0
Others1,066667122,1,1,510.0000,188.0000,0,0
Others1,066671127,1,0,658.0000,58.0000,0,0
Others1,066672128,1,1,658.0000,98.0000,0,0
Others1,066675131,1,0,422.0000,88.0000,0,0
Others1,066677134,1,1,658.0000,160.0000,0,0
Others1,066681138,1,0,572.0000,68.0000,0,0
Others1,066684141,1,1,640.0000,206.0000,0,0
Others1,066583025,1,1,872.0000,558.0000,0,0
Others1,066600046,1,1,887.0000,358.0000,0,0
