Container length: 24400
Container width: 12200
Boxes Volume: 2.552089E8
Container Volume: 297680000
Utilization: 85.7326323568933

Packed Boxes: 16
format: x y length width
0 0  6590 3075
0 4060  6575 8140
6575 9125  6590 3075
6590 0  5375 3850
6575 6845  4580 2280
6575 3850  4580 2280
11965 0  3100 1830
13165 9125  6590 3075
11965 1830  3075 6590
15065 0  3075 6590
15040 6845  4580 2280
18140 0  2280 4580
19755 9920  4580 2280
20420 0  1830 3100
19755 7640  4580 2280
22250 0  1830 3100

numOfBlemishes: 0
