Container length: 24400
Container width: 12200
Boxes Volume: 2.8562565E8
Container Volume: 297680000
Utilization: 95.95056772373017

Packed Boxes: 18
format: x y length width
0 0  3080 6590
0 6625  5720 5575
3080 0  3080 6590
5720 7320  3900 4880
6160 0  5380 4830
9620 7480  5875 4720
6160 4830  4580 2280
11540 0  3660 1480
11540 1480  8580 3080
15200 0  3660 1480
10740 6000  3660 1480
15495 9120  8720 3080
11540 4560  4340 1280
15495 6040  8580 3080
18860 0  3670 1480
15880 4560  3670 1480
20120 1480  3750 1480
20120 2960  3910 3075

numOfBlemishes: 0
