Container length: 24400
Container width: 12200
Boxes Volume: 2.938013E8
Container Volume: 297680000
Utilization: 98.69702364955657

Packed Boxes: 16
format: x y length width
0 0  5080 1480
0 6620  5720 5580
0 1480  7070 5070
5080 0  5080 1480
5720 6625  5720 5575
7070 1480  5880 5080
10160 0  5080 1480
11440 6625  5720 5575
12950 1480  5880 5080
15240 0  5080 1480
17160 6625  5720 5575
18830 1480  2280 5090
20320 0  4080 1380
21110 1380  2780 1280
22880 7120  1480 5080
21110 2660  3160 3875

numOfBlemishes: 0
