Container length: 24400
Container width: 12200
Boxes Volume: 2.895454E8
Container Volume: 297680000
Utilization: 97.26733404998656

Packed Boxes: 18
format: x y length width
0 0  3580 7580
18720 0  5680 7080
16690 8630  7710 3570
0 8620  7580 3580
3580 0  7580 3580
15140 0  3580 7580
3580 3580  7580 3580
7580 8620  7580 3580
11570 0  3570 7510
17690 7950  6710 680
0 7740  3780 880
19000 7270  5400 680
3780 7940  7710 680
16010 9220  680 2980
3780 7260  7710 680
15330 8490  680 3710
14930 7810  2760 680
11500 7540  3430 1080

numOfBlemishes: 0
