Container length: 24400
Container width: 12200
Boxes Volume: 2.823062E8
Container Volume: 297680000
Utilization: 94.83546089760819

Packed Boxes: 31
format: x y length width
0 0  5780 4480
18620 0  5780 4480
18620 7720  5780 4480
0 8020  5780 4180
0 4550  3480 3470
19820 4480  4580 1280
19820 6440  4580 1280
5780 0  4260 1280
13740 11120  4880 1080
14050 0  4570 1080
5780 11120  4570 1080
5780 1280  5780 4180
5780 5460  12020 680
5780 6140  910 4250
6690 6140  5780 4180
11560 1080  910 4250
12470 6140  6050 4900
12470 1080  910 4250
13380 1080  910 4210
14290 1080  910 4210
15200 1080  910 4250
16110 1080  910 4210
3480 4480  880 1800
17020 1080  910 4210
4360 4480  580 3470
5780 10390  6460 580
10040 0  3080 680
18520 4480  580 2740
19100 5760  4800 680
17930 1080  580 4880
4940 4480  580 3470

numOfBlemishes: 0
