Container length: 24400
Container width: 12200
Boxes Volume: 2.937585E8
Container Volume: 297680000
Utilization: 98.68264579414137

Packed Boxes: 18
format: x y length width
0 0  7080 5680
17320 0  7080 5680
17320 6520  7080 5680
0 6680  6710 5520
6710 8810  3210 3390
13240 0  4080 7080
7080 0  3580 7080
10240 8620  7080 3580
10660 0  1930 7210
0 6100  7080 580
17620 5680  6780 730
0 5680  7080 380
6710 7100  3370 1710
10540 7890  6780 730
12610 0  630 3580
13310 7210  4010 680
10080 7210  3210 680
12660 3580  580 3580

numOfBlemishes: 0
