Container length: 24400
Container width: 12200
Boxes Volume: 2.939393E8
Container Volume: 297680000
Utilization: 98.74338215533459

Packed Boxes: 18
format: x y length width
0 0  7080 5680
20720 0  3680 8130
0 6520  7080 5680
15590 8630  8810 3570
15040 0  5680 7080
7080 0  1580 6890
7080 8220  7080 3980
8660 0  5680 7080
17500 8190  6900 440
0 5680  6780 730
18010 7110  2710 1080
14910 8490  680 3710
14360 0  680 4710
14230 7490  680 4710
15030 7110  2980 1080
7080 7140  3710 1080
14350 4710  680 2760
10800 7140  3430 1080

numOfBlemishes: 0
