Container length: 24400
Container width: 12200
Boxes Volume: 2.938764E8
Container Volume: 297680000
Utilization: 98.72225208277345

Packed Boxes: 22
format: x y length width
0 0  3980 1360
0 2780  9600 9420
0 1360  9420 680
0 2040  9320 680
3980 0  8720 680
3980 680  8720 680
9600 6660  7370 5540
9420 1360  3980 1360
9600 2720  5200 3920
12700 0  3980 1360
13400 1360  3980 1360
16680 0  3980 1360
16970 7330  5260 4870
14800 2720  5200 3920
17380 1360  3980 1360
20660 0  3500 1150
16970 6850  5230 480
22230 7180  2120 5020
21360 1150  2120 5200
20000 2720  1360 3980
23480 1150  780 5250
22200 6500  2120 680

numOfBlemishes: 0
