Container length: 24400
Container width: 12200
Boxes Volume: 2.92202125E8
Container Volume: 297680000
Utilization: 98.15981087073366

Packed Boxes: 15
format: x y length width
0 0  15720 3270
0 6580  12680 5620
0 3270  7920 3255
7920 3270  15720 3270
12680 8530  7620 3670
15720 0  7715 3255
12680 7400  4080 1130
12680 6650  8780 750
20300 11020  4080 1180
16760 7400  5000 1130
20300 9890  4080 1130
20300 8710  4080 1180
23435 0  910 3140
21760 7830  2600 880
21760 6650  2580 1180

numOfBlemishes: 0
