BatchNo,UPI,Qty,Color,Length,Width,IsSpecial,Rotatable
Mixed1,9333691002,1,1,572.0000,557.0000,0,0
Mixed1,9333691003,1,1,2148.0000,558.0000,0,0
Mixed1,9333691004,1,0,2148.0000,545.0000,0,0
Mixed1,9333691005,1,1,572.0000,557.0000,0,0
Mixed1,9333691007,1,1,572.0000,507.0000,0,0
Mixed1,9333691008,1,1,572.0000,507.0000,0,0
Mixed1,9333691009,1,1,572.0000,507.0000,0,0
Mixed1,9333691010,1,1,572.0000,507.0000,0,0
Mixed1,9333691013,1,1,572.0000,557.0000,0,0
Mixed1,9333691014,1,1,572.0000,557.0000,0,0
Mixed1,9333691015,1,1,558.0000,558.0000,0,0
Mixed1,9333691016,1,0,558.0000,545.0000,0,0
Mixed1,9333691020,1,1,572.0000,557.0000,0,0
Mixed1,9333691021,1,1,572.0000,557.0000,0,0
Mixed1,9333691023,1,1,572.0000,557.0000,0,0
Mixed1,9333691024,1,1,572.0000,557.0000,0,0
Mixed1,9333691025,1,1,2148.0000,545.0000,0,0
Mixed1,9333691026,1,0,2148.0000,545.0000,0,0
Mixed1,9333691029,1,1,572.0000,507.0000,0,0
Mixed1,9333691030,1,1,572.0000,507.0000,0,0
Mixed1,9333691034,1,1,572.0000,557.0000,0,0
Mixed1,9333691035,1,1,572.0000,557.0000,0,0
Mixed1,9333691037,1,1,572.0000,557.0000,0,0
Mixed1,9333691038,1,1,572.0000,557.0000,0,0
Mixed1,9333691039,1,1,2148.0000,545.0000,0,0
Mixed1,9333691040,1,0,2148.0000,545.0000,0,0
Mixed1,9333691043,1,1,572.0000,507.0000,0,0
Mixed1,9333691044,1,1,572.0000,507.0000,0,0
Mixed1,9333691048,1,1,572.0000,557.0000,0,0
Mixed1,9333691049,1,1,2148.0000,545.0000,0,0
Mixed1,9333691050,1,0,2148.0000,558.0000,0,0
Mixed1,9333691051,1,1,572.0000,557.0000,0,0
Mixed1,9333691053,1,1,572.0000,507.0000,0,0
Mixed1,9333691054,1,1,572.0000,507.0000,0,0
Mixed1,9333691055,1,1,572.0000,507.0000,0,0
Mixed1,9333691056,1,1,572.0000,507.0000,0,0
Mixed1,9333691059,1,1,572.0000,557.0000,0,0
Mixed1,9333691060,1,1,572.0000,557.0000,0,0
Mixed1,9333691061,1,1,558.0000,545.0000,0,0
Mixed1,9333691062,1,0,558.0000,558.0000,0,0
Mixed1,9333691066,1,1,572.0000,557.0000,0,0
Mixed1,9333691067,1,1,572.0000,557.0000,0,0
Mixed1,9333691068,1,1,558.0000,545.0000,0,0
Mixed1,9333691069,1,0,558.0000,545.0000,0,0
Mixed1,9333691073,1,1,572.0000,557.0000,0,0
Mixed1,9333691074,1,1,572.0000,557.0000,0,0
Mixed1,9333691075,1,1,558.0000,545.0000,0,0
Mixed1,9333691076,1,0,558.0000,545.0000,0,0
Mixed1,9333691086,1,1,1172.0000,382.0000,0,0
Mixed1,9333691087,1,1,728.0000,383.0000,0,0
Mixed1,9333691088,1,0,728.0000,383.0000,0,0
Mixed1,9333691089,1,1,1172.0000,382.0000,0,0
Mixed1,9333691090,1,0,341.0000,351.0000,0,0
Mixed1,9333691091,1,1,341.0000,351.0000,0,0
Mixed1,9333691096,1,1,1172.0000,354.0000,0,0
Mixed1,9333691099,1,1,772.0000,558.0000,0,0
Mixed1,9333691103,1,1,772.0000,527.5000,0,0
Mixed1,9333691108,1,1,872.0000,558.0000,0,0
Mixed1,9333691116,1,1,772.0000,558.0000,0,0
Mixed1,9333691120,1,1,772.0000,527.5000,0,0
Mixed1,9333691125,1,1,622.0000,358.0000,0,0
Mixed1,9333691130,1,0,547.0000,254.0000,0,0
Mixed1,9333691133,1,0,547.0000,254.0000,0,0
Mixed1,9333691137,1,1,622.0000,358.0000,0,0
Mixed1,9333691142,1,0,547.0000,254.0000,0,0
Mixed1,9333691145,1,0,547.0000,254.0000,0,0
Mixed1,9333691150,1,1,872.0000,337.0000,0,0
Mixed1,9333691151,1,0,872.0000,337.0000,0,0
Mixed1,9333691152,1,1,1958.0000,338.0000,0,0
Mixed1,9333691153,1,0,1958.0000,338.0000,0,0
Mixed1,9333691165,1,1,872.0000,337.0000,0,0
Mixed1,9333691166,1,0,872.0000,337.0000,0,0
Mixed1,9333691167,1,1,1958.0000,338.0000,0,0
Mixed1,9333691168,1,0,1958.0000,338.0000,0,0
Mixed1,9333691172,1,1,872.0000,558.0000,0,0
Mixed1,9333691176,1,1,872.0000,527.5000,0,0
Mixed1,9333691181,1,1,872.0000,558.0000,0,0
Mixed1,9333691185,1,1,872.0000,527.5000,0,0
Mixed1,9333691190,1,1,872.0000,558.0000,0,0
Mixed1,9333691199,1,1,910.0000,337.0000,0,0
Mixed1,9333691200,1,1,808.0000,338.0000,0,0
Mixed1,9333691201,1,0,808.0000,338.0000,0,0
Mixed1,9333691203,1,1,910.0000,287.0000,0,0
Mixed1,9333691204,1,1,910.0000,317.0000,0,0
Mixed1,9333691207,1,1,910.0000,337.0000,0,0
Mixed1,9333691208,1,1,808.0000,338.0000,0,0
Mixed1,9333691209,1,0,808.0000,338.0000,0,0
Mixed1,9333691211,1,1,910.0000,287.0000,0,0
Mixed1,9333691212,1,1,910.0000,317.0000,0,0
Mixed1,9333691217,1,1,728.0000,338.0000,0,0
Mixed1,9333691218,1,0,728.0000,338.0000,0,0
Mixed1,9333691219,1,1,728.0000,338.0000,0,0
Mixed1,9333691220,1,0,728.0000,338.0000,0,0
Mixed1,9333691229,1,1,910.0000,337.0000,0,0
Mixed1,9333691230,1,1,413.0000,338.0000,0,0
Mixed1,9333691231,1,0,413.0000,338.0000,0,0
Mixed1,9333691232,1,0,910.0000,337.0000,0,0
Mixed1,9333691236,1,1,910.0000,337.0000,0,0
Mixed1,9333691237,1,1,413.0000,338.0000,0,0
Mixed1,9333691238,1,0,413.0000,338.0000,0,0
Mixed1,9333691239,1,0,910.0000,337.0000,0,0
Mixed1,9333691243,1,1,910.0000,558.0000,0,0
Mixed1,9333691248,1,0,835.0000,434.0000,0,0
Mixed1,9333691251,1,0,835.0000,434.0000,0,0
Mixed1,9333691255,1,1,910.0000,558.0000,0,0
Mixed1,9333691260,1,0,835.0000,434.0000,0,0
Mixed1,9333691263,1,0,835.0000,434.0000,0,0
Mixed1,9333691269,1,0,413.0000,338.0000,0,0
Mixed1,9333691270,1,1,413.0000,338.0000,0,0
Mixed1,9333691276,1,0,413.0000,338.0000,0,0
Mixed1,9333691277,1,1,413.0000,338.0000,0,0
Mixed1,9335621131,1,1,292.0000,338.0000,0,0
Mixed1,9335621132,1,1,631.0000,337.0000,0,0
Mixed1,9335621133,1,1,631.0000,337.0000,0,0
Mixed1,9335621134,1,1,1272.0000,752.0300,0,0
Mixed1,9335621136,1,1,292.0000,337.0000,0,0
Mixed1,9335621137,1,1,631.0000,336.0000,0,0
Mixed1,9335621138,1,1,631.0000,336.0000,0,0
Mixed1,9335621139,1,1,1272.0000,637.9700,0,0
Mixed1,9335621140,1,1,1272.0000,759.0000,0,0
Mixed1,9335621143,1,1,1272.0000,228.0000,0,0
Mixed1,9335621146,1,1,2208.0000,558.0000,0,0
Mixed1,9335621147,1,0,2208.0000,558.0000,0,0
Mixed1,9335621148,1,1,942.0000,557.0000,0,0
Mixed1,9335621149,1,1,942.0000,555.0000,0,0
Mixed1,9335621154,1,1,942.0000,527.0000,0,0
Mixed1,9335621155,1,1,826.0000,526.0000,0,0
Mixed1,9335621156,1,1,466.0000,525.0000,0,0
Mixed1,9335621157,1,1,466.0000,525.0000,0,0
Mixed1,9335621158,1,1,588.0000,558.0000,0,0
Mixed1,9335621159,1,0,588.0000,558.0000,0,0
Mixed1,9335621160,1,1,942.0000,228.0000,0,0
Mixed1,9335621161,1,1,942.0000,557.0000,0,0
Mixed1,9335621165,1,1,2208.0000,558.0000,0,0
Mixed1,9335621166,1,0,2208.0000,558.0000,0,0
Mixed1,9335621167,1,1,942.0000,557.0000,0,0
Mixed1,9335621168,1,1,942.0000,555.0000,0,0
Mixed1,9335621173,1,1,942.0000,527.0000,0,0
Mixed1,9335621174,1,1,826.0000,526.0000,0,0
Mixed1,9335621175,1,1,466.0000,525.0000,0,0
Mixed1,9335621176,1,1,466.0000,525.0000,0,0
Mixed1,9335621177,1,1,588.0000,558.0000,0,0
Mixed1,9335621178,1,0,588.0000,558.0000,0,0
Mixed1,9335621179,1,1,942.0000,228.0000,0,0
Mixed1,9335621180,1,1,942.0000,557.0000,0,0
Mixed1,9335621191,1,1,2208.0000,558.0000,0,0
Mixed1,9335621192,1,1,2208.0000,558.0000,0,0
Mixed1,9335621193,1,1,2208.0000,890.0000,0,0
Mixed1,9335621197,1,1,588.0000,558.0000,0,0
Mixed1,9335621198,1,1,588.0000,890.0000,0,0
Mixed1,9335621199,1,1,588.0000,558.0000,0,0
Mixed1,9335621201,1,1,588.0000,558.0000,0,0
Mixed1,9335621202,1,0,588.0000,558.0000,0,0
Mixed1,9335621203,1,1,472.0000,228.0000,0,0
Mixed1,9335621204,1,1,472.0000,557.0000,0,0
Mixed1,9335621207,1,1,2208.0000,558.0000,0,0
Mixed1,9335621208,1,0,2208.0000,558.0000,0,0
Mixed1,9335621209,1,1,472.0000,557.0000,0,0
Mixed1,9335621210,1,1,472.0000,557.0000,0,0
Mixed1,9335621215,1,1,472.0000,529.0000,0,0
Mixed1,9335621216,1,1,472.0000,529.0000,0,0
Mixed1,9335621217,1,1,588.0000,558.0000,0,0
Mixed1,9335621218,1,0,588.0000,558.0000,0,0
Mixed1,9335621219,1,1,942.0000,228.0000,0,0
Mixed1,9335621220,1,1,942.0000,557.0000,0,0
Mixed1,9335621224,1,1,2208.0000,558.0000,0,0
Mixed1,9335621225,1,0,2208.0000,558.0000,0,0
Mixed1,9335621226,1,1,942.0000,557.0000,0,0
Mixed1,9335621227,1,1,942.0000,555.0000,0,0
Mixed1,9335621232,1,1,942.0000,527.0000,0,0
Mixed1,9335621233,1,1,942.0000,527.0000,0,0
Mixed1,9335621234,1,1,588.0000,558.0000,0,0
Mixed1,9335621235,1,0,588.0000,558.0000,0,0
Mixed1,9335621236,1,1,972.0000,228.0000,0,0
Mixed1,9335621237,1,1,972.0000,557.0000,0,0
Mixed1,9335621241,1,1,2208.0000,558.0000,0,0
Mixed1,9335621242,1,0,2208.0000,558.0000,0,0
Mixed1,9335621243,1,1,972.0000,557.0000,0,0
Mixed1,9335621244,1,1,972.0000,557.0000,0,0
Mixed1,9335621249,1,1,972.0000,504.0000,0,0
Mixed1,9335621250,1,0,972.0000,524.0000,0,0
Mixed1,9335621251,1,1,972.0000,524.0000,0,0
Mixed1,9335621252,1,1,972.0000,524.0000,0,0
Mixed1,9335621253,1,1,972.0000,524.0000,0,0
Mixed1,9335621254,1,1,972.0000,524.0000,0,0
Mixed1,9333691194,1,0,728.0000,558.0000,0,0
Mixed1,9333691104,1,1,728.0000,558.0000,0,0
Mixed1,9333691105,1,0,728.0000,558.0000,0,0
Mixed1,9333691112,1,1,728.0000,558.0000,0,0
Mixed1,9333691113,1,0,728.0000,558.0000,0,0
Mixed1,9333691121,1,1,728.0000,558.0000,0,0
Mixed1,9333691122,1,0,728.0000,558.0000,0,0
Mixed1,9333691177,1,1,728.0000,558.0000,0,0
Mixed1,9333691178,1,0,728.0000,558.0000,0,0
Mixed1,9333691186,1,1,728.0000,558.0000,0,0
Mixed1,9333691187,1,0,728.0000,558.0000,0,0
Mixed1,9333691195,1,1,728.0000,558.0000,0,0
Mixed1,9333691253,1,1,728.0000,558.0000,0,0
Mixed1,9333691254,1,0,728.0000,558.0000,0,0
Mixed1,9333691265,1,1,728.0000,558.0000,0,0
Mixed1,9333691266,1,0,728.0000,558.0000,0,0
Mixed1,9333691135,1,0,728.0000,358.0000,0,0
Mixed1,9333691136,1,1,728.0000,358.0000,0,0
Mixed1,9333691147,1,0,728.0000,358.0000,0,0
Mixed1,9333691148,1,1,728.0000,358.0000,0,0
Mixed1,9335621194+9333691216,1,1,890.0000,871.0000,0,0
Mixed1,9335621184+9333691215,1,1,890.0000,872.0000,0,0
Mixed1,9335621185+9333691267,1,1,890.0000,872.0000,0,0
Mixed1,9335621200+9333691221+9333691222+9333691268+9333691275+9333691274,1,1,890.0000,871.0000,0,1
Mixed1,9333691006,1,1,572.0000,88.0000,0,0
Mixed1,9333691017,1,1,572.0000,108.0000,0,0
Mixed1,9333691027,1,1,572.0000,88.0000,0,0
Mixed1,9333691028,1,1,572.0000,88.0000,0,0
Mixed1,9333691041,1,1,572.0000,88.0000,0,0
Mixed1,9333691042,1,1,572.0000,88.0000,0,0
Mixed1,9333691052,1,1,572.0000,88.0000,0,0
Mixed1,9333691063,1,1,572.0000,108.0000,0,0
Mixed1,9333691070,1,1,572.0000,108.0000,0,0
Mixed1,9333691077,1,1,572.0000,108.0000,0,0
Mixed1,9333691101,1,1,772.0000,88.0000,0,0
Mixed1,9333691102,1,0,772.0000,88.0000,0,0
Mixed1,9333691109,1,1,872.0000,88.0000,0,0
Mixed1,9333691110,1,0,872.0000,88.0000,0,0
Mixed1,9333691111,1,1,872.0000,88.0000,0,0
Mixed1,9333691118,1,1,772.0000,88.0000,0,0
Mixed1,9333691119,1,0,772.0000,88.0000,0,0
Mixed1,9333691127,1,1,622.0000,88.0000,0,0
Mixed1,9333691128,1,0,622.0000,88.0000,0,0
Mixed1,9333691129,1,0,535.0000,207.0000,0,0
Mixed1,9333691132,1,0,535.0000,207.0000,0,0
Mixed1,9333691139,1,1,622.0000,88.0000,0,0
Mixed1,9333691140,1,0,622.0000,88.0000,0,0
Mixed1,9333691141,1,0,535.0000,207.0000,0,0
Mixed1,9333691144,1,0,535.0000,207.0000,0,0
Mixed1,9333691154,1,1,872.0000,108.0000,0,0
Mixed1,9333691157,1,0,1396.0000,88.0000,0,0
Mixed1,9333691158,1,0,1396.0000,58.0000,0,0
Mixed1,9333691159,1,0,1396.0000,88.0000,0,0
Mixed1,9333691160,1,0,1396.0000,58.0000,0,0
Mixed1,9333691169,1,1,872.0000,108.0000,0,0
Mixed1,9333691174,1,1,872.0000,88.0000,0,0
Mixed1,9333691175,1,0,872.0000,88.0000,0,0
Mixed1,9333691183,1,1,872.0000,88.0000,0,0
Mixed1,9333691184,1,0,872.0000,88.0000,0,0
Mixed1,9333691192,1,1,872.0000,88.0000,0,0
Mixed1,9333691193,1,0,872.0000,88.0000,0,0
Mixed1,9333691223,1,0,192.0000,337.0000,0,0
Mixed1,9333691224,1,0,192.0000,337.0000,0,0
Mixed1,9333691245,1,1,910.0000,88.0000,0,0
Mixed1,9333691246,1,0,910.0000,88.0000,0,0
Mixed1,9333691247,1,0,823.0000,207.0000,0,0
Mixed1,9333691250,1,0,823.0000,207.0000,0,0
Mixed1,9333691257,1,1,910.0000,88.0000,0,0
Mixed1,9333691258,1,0,910.0000,88.0000,0,0
Mixed1,9333691259,1,0,823.0000,207.0000,0,0
Mixed1,9333691262,1,0,823.0000,207.0000,0,0
Mixed1,9333691271,1,0,192.0000,337.0000,0,0
Mixed1,9333691278,1,0,192.0000,337.0000,0,0
Mixed1,9335621151,1,0,942.0000,88.0000,0,0
Mixed1,9335621152,1,0,942.0000,88.0000,0,0
Mixed1,9335621153,1,1,942.0000,98.0000,0,0
Mixed1,9335621170,1,0,942.0000,88.0000,0,0
Mixed1,9335621171,1,0,942.0000,88.0000,0,0
Mixed1,9335621172,1,1,942.0000,98.0000,0,0
Mixed1,9335621186,1,0,341.0000,88.0000,0,0
Mixed1,9335621187,1,0,872.0000,88.0000,0,0
Mixed1,9335621188,1,1,872.0000,98.0000,0,0
Mixed1,9335621190,1,0,872.0000,88.0000,0,0
Mixed1,9335621195,1,1,871.0000,98.0000,0,0
Mixed1,9335621212,1,0,472.0000,88.0000,0,0
Mixed1,9335621213,1,0,472.0000,88.0000,0,0
Mixed1,9335621214,1,1,472.0000,98.0000,0,0
Mixed1,9335621229,1,0,942.0000,88.0000,0,0
Mixed1,9335621230,1,0,942.0000,88.0000,0,0
Mixed1,9335621231,1,1,942.0000,98.0000,0,0
Mixed1,9335621246,1,0,972.0000,88.0000,0,0
Mixed1,9335621247,1,0,972.0000,88.0000,0,0
Mixed1,9335621248,1,1,972.0000,98.0000,0,0
