BatchNo,UPI,Qty,Color,Length,Width,IsSpecial,Rotatable
Closet1,23625251006,1,1,900.0000,279.0000,0,0
Closet1,23625251007,1,0,564.2000,274.0000,0,0
Closet1,23625251008,1,0,564.2000,274.0000,0,0
Closet1,23625251009,1,0,564.2000,274.0000,0,0
Closet1,23625251010,1,0,564.2000,274.0000,0,0
Closet1,23625251017,1,1,900.0000,408.0000,0,0
Closet1,23625251022,1,1,900.0000,279.0000,0,0
Closet1,23625251023,1,0,564.2000,274.0000,0,0
Closet1,23625251024,1,0,564.2000,274.0000,0,0
Closet1,23625251086,1,1,514.0000,583.0000,0,0
Closet1,23625251117,1,1,514.0000,583.0000,0,0
Closet1,23625251152,1,1,1047.0000,299.0000,0,0
Closet1,23625251153,1,0,406.2000,294.0000,0,0
Closet1,23625251154,1,0,406.2000,294.0000,0,0
Closet1,23625251155,1,0,817.2000,294.0000,0,0
Closet1,23625251156,1,0,817.2000,294.0000,0,0
Closet1,23625251168,1,1,1023.0000,299.0000,0,0
Closet1,23625251169,1,0,817.2000,294.0000,0,0
Closet1,23625251170,1,0,817.2000,294.0000,0,0
Closet1,23625251171,1,0,406.2000,294.0000,0,0
Closet1,23625251172,1,0,406.2000,294.0000,0,0
Closet1,23625251190,1,1,1240.0000,299.0000,0,0
Closet1,23625251194,1,1,692.0000,299.0000,0,0
Closet1,23625251195,1,1,716.5070,299.0000,0,0
Closet1,23625251196,1,0,817.2000,294.0000,0,0
Closet1,23625251197,1,0,406.2000,294.0000,0,0
Closet1,23625251198,1,0,817.2000,294.0000,0,0
Closet1,23625251199,1,0,406.2000,294.0000,0,0
Closet1,23625251025+23625251026,1,0,726.5000,278.8125,0,0
Closet1,23625251015,1,1,938.0000,138.0000,0,0
Closet1,23625251018,1,1,900.0000,158.0000,0,0
Closet1,23625251031,1,1,139.0000,58.0000,0,0
Closet1,23625251032,1,0,289.0000,58.0000,0,0
Closet1,23625251034,1,0,1145.0000,108.0000,0,0
Closet1,23625251035,1,1,289.0000,58.0000,0,0
Closet1,23625251038,1,0,1145.0000,108.0000,0,0
Closet1,23625251040,1,1,159.0000,605.0000,0,0
Closet1,23625251041,1,0,159.0000,605.0000,0,0
Closet1,23625251044,1,1,140.0000,575.0000,0,0
Closet1,23625251045,1,1,140.0000,575.0000,0,0
Closet1,23625251046,1,1,140.0000,575.0000,0,0
Closet1,23625251047,1,1,140.0000,575.0000,0,0
Closet1,23625251048,1,1,555.0000,101.0000,0,0
Closet1,23625251049,1,1,555.0000,101.0000,0,0
Closet1,23625251050,1,0,337.8000,96.0000,0,0
Closet1,23625251051,1,0,337.8000,96.0000,0,0
Closet1,23625251055,1,1,555.0000,101.0000,0,0
Closet1,23625251056,1,1,555.0000,101.0000,0,0
Closet1,23625251057,1,0,337.8000,96.0000,0,0
Closet1,23625251058,1,0,337.8000,96.0000,0,0
Closet1,23625251062,1,1,555.0000,101.0000,0,0
Closet1,23625251063,1,1,555.0000,101.0000,0,0
Closet1,23625251064,1,0,337.8000,96.0000,0,0
Closet1,23625251065,1,0,337.8000,96.0000,0,0
Closet1,23625251069,1,1,555.0000,101.0000,0,0
Closet1,23625251070,1,1,555.0000,101.0000,0,0
Closet1,23625251071,1,0,348.8000,96.0000,0,0
Closet1,23625251072,1,0,348.8000,96.0000,0,0
Closet1,23625251076,1,1,555.0000,101.0000,0,0
Closet1,23625251077,1,1,555.0000,101.0000,0,0
Closet1,23625251078,1,0,348.8000,96.0000,0,0
Closet1,23625251079,1,0,348.8000,96.0000,0,0
Closet1,23625251089,1,0,108.0000,514.0000,0,0
Closet1,23625251091,1,0,108.0000,514.0000,0,0
Closet1,23625251093,1,1,554.0000,135.0000,0,0
Closet1,23625251094,1,1,554.0000,135.0000,0,0
Closet1,23625251095,1,0,450.0000,130.0000,0,0
Closet1,23625251096,1,0,450.0000,130.0000,0,0
Closet1,23625251100,1,1,554.0000,119.0000,0,0
Closet1,23625251101,1,1,554.0000,119.0000,0,0
Closet1,23625251102,1,0,450.0000,114.0000,0,0
Closet1,23625251103,1,0,450.0000,114.0000,0,0
Closet1,23625251107,1,1,554.0000,115.0000,0,0
Closet1,23625251108,1,1,554.0000,115.0000,0,0
Closet1,23625251109,1,0,450.0000,110.0000,0,0
Closet1,23625251110,1,0,450.0000,110.0000,0,0
Closet1,23625251120,1,0,108.0000,514.0000,0,0
Closet1,23625251122,1,0,108.0000,514.0000,0,0
Closet1,23625251124,1,1,554.0000,135.0000,0,0
Closet1,23625251125,1,1,554.0000,135.0000,0,0
Closet1,23625251126,1,0,450.0000,130.0000,0,0
Closet1,23625251127,1,0,450.0000,130.0000,0,0
Closet1,23625251131,1,1,554.0000,119.0000,0,0
Closet1,23625251132,1,1,554.0000,119.0000,0,0
Closet1,23625251133,1,0,450.0000,114.0000,0,0
Closet1,23625251134,1,0,450.0000,114.0000,0,0
Closet1,23625251138,1,1,554.0000,115.0000,0,0
Closet1,23625251139,1,1,554.0000,115.0000,0,0
Closet1,23625251140,1,0,450.0000,110.0000,0,0
Closet1,23625251141,1,0,450.0000,110.0000,0,0
Closet1,23625251179,1,1,309.0000,58.0000,0,0
Closet1,23625251182,1,0,1240.0000,108.0000,0,0
Closet1,23625251183,1,0,2238.0000,109.0000,0,0
