BatchNo,UPI,Qty,Color,Length,Width,IsSpecial,Rotatable
Mixed3,138624027,1,0,529.0000,340.0000,0,0
Mixed3,138629032,1,0,529.0000,340.0000,0,0
Mixed3,138631034,1,0,2335.0000,370.0000,0,0
Mixed3,138632035,1,0,2335.0000,370.0000,0,0
Mixed3,138633036,1,0,2335.0000,370.0000,0,0
Mixed3,138634037,1,0,2335.0000,370.0000,0,0
Mixed3,147840082,1,0,763.0000,468.0000,0,0
Mixed3,147841083,1,1,763.0000,468.0000,0,0
Mixed3,147842084,1,1,1252.0000,763.0000,0,0
Mixed3,147846088,1,0,559.0000,290.0000,0,0
Mixed3,147851093,1,0,559.0000,290.0000,0,0
Mixed3,147853095,1,1,1252.0000,427.5000,0,0
Mixed3,147860102,1,0,1528.0000,390.0000,0,0
Mixed3,147861103,1,0,912.0000,390.0000,0,0
Mixed3,147862104,1,1,912.0000,390.0000,0,0
Mixed3,147863105,1,1,1528.0000,390.0000,0,0
Mixed3,147864106,1,1,1492.0000,390.0000,0,0
Mixed3,147865107,1,1,451.0000,390.0000,0,0
Mixed3,147866108,1,1,451.0000,390.0000,0,0
Mixed3,147867109,1,0,478.0000,768.0000,0,0
Mixed3,147868110,1,0,478.0000,768.0000,0,0
Mixed3,147869111,1,0,478.0000,768.0000,0,0
Mixed3,147870112,1,0,478.0000,768.0000,0,0
Mixed3,147871113,1,1,390.0000,488.0000,0,0
Mixed3,147872114,1,0,390.0000,488.0000,0,0
Mixed3,147873115,1,1,872.0000,468.0000,0,0
Mixed3,147874116,1,1,872.0000,390.0000,0,0
Mixed3,147876118,1,1,988.0000,508.0000,0,0
Mixed3,147877119,1,0,282.0000,466.0000,0,0
Mixed3,147878120,1,1,408.0000,228.0000,0,0
Mixed3,147879121,1,1,408.0000,228.0000,0,0
Mixed3,147880122,1,1,369.0000,228.0000,0,0
Mixed3,147881123,1,0,369.0000,390.0000,0,0
Mixed3,147882124,1,1,455.0000,297.0000,0,0
Mixed3,147883125,1,1,408.0000,228.0000,0,0
Mixed3,147884126,1,1,408.0000,228.0000,0,0
Mixed3,147885127,1,1,369.0000,228.0000,0,0
Mixed3,147886128,1,0,369.0000,390.0000,0,0
Mixed3,147887129,1,1,455.0000,297.0000,0,0
Mixed3,147888130,1,1,390.0000,488.0000,0,0
Mixed3,147889131,1,0,390.0000,488.0000,0,0
Mixed3,147890132,1,1,872.0000,468.0000,0,0
Mixed3,147891133,1,1,872.0000,390.0000,0,0
Mixed3,147893135,1,1,988.0000,508.0000,0,0
Mixed3,147894136,1,1,282.0000,466.0000,0,0
Mixed3,147895137,1,1,408.0000,228.0000,0,0
Mixed3,147896138,1,1,408.0000,228.0000,0,0
Mixed3,147897139,1,1,369.0000,228.0000,0,0
Mixed3,147898140,1,0,369.0000,390.0000,0,0
Mixed3,147899141,1,1,455.0000,297.0000,0,0
Mixed3,147900142,1,1,408.0000,228.0000,0,0
Mixed3,147901143,1,1,408.0000,228.0000,0,0
Mixed3,147902144,1,1,369.0000,228.0000,0,0
Mixed3,147903145,1,0,369.0000,390.0000,0,0
Mixed3,147904146,1,1,455.0000,297.0000,0,0
Mixed3,194248003,1,0,2398.0000,608.0000,0,0
Mixed3,194251004,1,0,2398.0000,608.0000,0,0
Mixed3,342144149,1,0,208.0000,390.0000,0,0
Mixed3,342145150,1,0,472.0000,390.0000,0,0
Mixed3,342146151,1,1,472.0000,390.0000,0,0
Mixed3,342147152,1,1,208.0000,390.0000,0,0
Mixed3,342148153,1,0,248.0000,568.0000,0,0
Mixed3,342155160,1,0,2408.0000,308.0000,0,0
Mixed3,394497001,1,0,428.0000,390.0000,0,0
Mixed3,394498002,1,0,1442.0000,390.0000,0,0
Mixed3,588800003,1,1,1442.0000,390.0000,0,0
Mixed3,588801004,1,1,428.0000,390.0000,0,0
Mixed3,588802005,1,1,392.0000,390.0000,0,0
Mixed3,588803006,1,0,743.0000,428.0000,0,0
Mixed3,588804007,1,0,743.0000,428.0000,0,0
Mixed3,588821024,1,1,390.0000,438.0000,0,0
Mixed3,588822025,1,0,390.0000,438.0000,0,0
Mixed3,588823026,1,1,1442.0000,418.0000,0,0
Mixed3,588824027,1,1,1442.0000,390.0000,0,0
Mixed3,588826029,1,1,1643.0000,458.0000,0,0
Mixed3,588827030,1,1,418.0000,282.0000,0,0
Mixed3,588828031,1,0,418.0000,282.0000,0,0
Mixed3,588831034,1,1,358.0000,228.0000,0,0
Mixed3,588832035,1,1,358.0000,228.0000,0,0
Mixed3,588833036,1,1,409.0000,228.0000,0,0
Mixed3,588834037,1,0,409.0000,340.0000,0,0
Mixed3,588835038,1,1,495.0000,297.0000,0,0
Mixed3,588836039,1,1,358.0000,228.0000,0,0
Mixed3,588837040,1,1,358.0000,228.0000,0,0
Mixed3,588838041,1,1,418.0000,228.0000,0,0
Mixed3,588839042,1,0,418.0000,340.0000,0,0
Mixed3,588840043,1,1,495.0000,297.0000,0,0
Mixed3,588841044,1,1,358.0000,228.0000,0,0
Mixed3,588842045,1,1,358.0000,228.0000,0,0
Mixed3,588843046,1,1,409.0000,228.0000,0,0
Mixed3,588844047,1,0,409.0000,340.0000,0,0
Mixed3,588845048,1,1,495.0000,297.0000,0,0
Mixed3,588851054,1,1,692.0000,328.0000,0,0
Mixed3,588852055,1,1,2122.0000,692.0000,0,0
Mixed3,588853056,1,0,2208.0000,328.0000,0,0
Mixed3,588854057,1,1,2208.0000,328.0000,0,0
Mixed3,588855058,1,0,692.0000,328.0000,0,0
Mixed3,588859062,1,1,692.0000,305.5000,0,0
Mixed3,588860063,1,1,692.0000,305.5000,0,0
Mixed3,588861064,1,1,692.0000,305.5000,0,0
Mixed3,588862065,1,0,448.0000,689.0000,0,0
Mixed3,588863066,1,0,692.0000,298.5000,0,0
Mixed3,588864067,1,0,1694.0000,365.0000,0,0
Mixed3,588865068,1,0,1694.0000,365.0000,0,0
Mixed3,626433002,1,1,832.0000,208.0000,0,0
Mixed3,626434003,1,1,2108.0000,378.0000,0,0
Mixed3,626435004,1,1,832.0000,378.0000,0,0
Mixed3,626438007,1,1,1422.0000,832.0000,0,0
Mixed3,626439008,1,1,832.0000,355.5000,0,0
Mixed3,626440009,1,1,832.0000,355.5000,0,0
Mixed3,626441010,1,1,832.0000,377.5000,0,0
Mixed3,626442011,1,1,832.0000,355.5000,0,0
Mixed3,626443012,1,1,832.0000,355.5000,0,0
Mixed3,626444013,1,0,2015.0000,435.0000,0,0
Mixed3,626445014,1,0,2015.0000,435.0000,0,0
Mixed3,626447016,1,0,420.0000,208.0000,0,0
Mixed3,626448017,1,1,1982.0000,420.0000,0,0
Mixed3,626449018,1,1,2108.0000,208.0000,0,0
Mixed3,626450019,1,1,420.0000,208.0000,0,0
Mixed3,626465034,1,1,850.0000,562.0000,0,0
Mixed3,626468037,1,1,850.0000,308.0000,0,0
Mixed3,626469038,1,0,850.0000,508.0000,0,0
Mixed3,626473042,1,0,757.0000,499.0000,0,0
Mixed3,626474043,1,0,757.0000,499.0000,0,0
Mixed3,626475044,1,1,850.0000,606.0000,0,0
Mixed3,626480049,1,0,1168.0000,608.0000,0,0
Mixed3,705859005,1,0,422.0000,420.0000,0,0
Mixed3,705860006,1,1,422.0000,440.0000,0,0
Mixed3,705861007,1,1,508.0000,422.0000,0,0
Mixed3,705866012,1,0,360.0000,340.0000,0,0
Mixed3,705871017,1,0,360.0000,340.0000,0,0
Mixed3,705875021,1,0,422.0000,420.0000,0,0
Mixed3,705876022,1,1,422.0000,440.0000,0,0
Mixed3,705877023,1,1,508.0000,422.0000,0,0
Mixed3,705882028,1,0,360.0000,340.0000,0,0
Mixed3,705887033,1,0,360.0000,340.0000,0,0
Mixed3,759233001,1,0,1528.0000,390.0000,0,0
Mixed3,759234002,1,0,912.0000,390.0000,0,0
Mixed3,759235003,1,1,912.0000,390.0000,0,0
Mixed3,759236004,1,1,1528.0000,390.0000,0,0
Mixed3,759237005,1,1,1492.0000,390.0000,0,0
Mixed3,759238006,1,1,451.0000,390.0000,0,0
Mixed3,759239007,1,1,451.0000,390.0000,0,0
Mixed3,759240008,1,0,478.0000,768.0000,0,0
Mixed3,759241009,1,0,478.0000,768.0000,0,0
Mixed3,759242010,1,0,478.0000,768.0000,0,0
Mixed3,759243011,1,0,478.0000,768.0000,0,0
Mixed3,944322002,1,1,2428.0000,558.0000,0,0
Mixed3,944327007,1,0,2428.0000,488.0000,0,0
Mixed3,944328008,1,1,2302.0000,557.5000,0,0
Mixed3,944329009,1,1,2302.0000,711.0000,0,0
Mixed3,944330010,1,1,2302.0000,611.0000,0,0
Mixed3,944332012,1,1,711.0000,537.5000,0,0
Mixed3,944333013,1,1,711.0000,537.5000,0,0
Mixed3,944334014,1,1,711.0000,537.5000,0,0
Mixed3,944336016,1,1,1530.0000,535.5000,0,0
Mixed3,944341021,1,1,419.5000,375.0000,0,0
Mixed3,944343023,1,0,419.5000,375.0000,0,0
Mixed3,953540021,1,0,258.0000,308.0000,0,0
Mixed3,953541022,1,0,258.0000,308.0000,0,0
Mixed3,953542023,1,0,1832.0000,548.0000,0,0
Mixed3,953546027,1,0,2058.0000,548.0000,0,0
Mixed3,953547028,1,1,2058.0000,548.0000,0,0
Mixed3,953548029,1,1,1832.0000,548.0000,0,0
Mixed3,953549030,1,1,1972.0000,911.0000,0,0
Mixed3,953550031,1,1,1972.0000,911.0000,0,0
Mixed3,953551032,1,1,1972.0000,547.5000,0,0
Mixed3,953552033,1,0,908.0000,525.0000,0,0
Mixed3,953553034,1,0,911.0000,527.5000,0,0
Mixed3,953554035,1,0,911.0000,527.5000,0,0
Mixed3,953555036,1,0,908.0000,525.0000,0,0
Mixed3,953560041,1,0,1868.0000,528.0000,0,0
Mixed3,953561042,1,0,1535.0000,470.0000,0,0
Mixed3,953562043,1,0,1535.0000,470.0000,0,0
Mixed3,953563044,1,0,1535.0000,470.0000,0,0
Mixed3,953564045,1,0,1535.0000,470.0000,0,0
Mixed3,953565046,1,0,1832.0000,548.0000,0,0
Mixed3,953566047,1,0,408.0000,548.0000,0,0
Mixed3,953567048,1,1,408.0000,548.0000,0,0
Mixed3,953568049,1,1,1832.0000,548.0000,0,0
Mixed3,953569050,1,1,1832.0000,372.0000,0,0
Mixed3,953570051,1,0,372.0000,527.5000,0,0
Mixed3,953571052,1,0,405.0000,470.0000,0,0
Mixed3,953572053,1,0,405.0000,470.0000,0,0
Mixed3,953573054,1,0,405.0000,470.0000,0,0
Mixed3,953574055,1,0,405.0000,470.0000,0,0
Mixed3,953575056,1,1,1182.0000,372.0000,0,0
Mixed3,953580061,1,1,408.0000,548.0000,0,0
Mixed3,953581062,1,0,408.0000,448.0000,0,0
Mixed3,953582063,1,0,372.0000,527.5000,0,0
Mixed3,953583064,1,0,405.0000,432.0000,0,0
Mixed3,953584065,1,0,405.0000,432.0000,0,0
Mixed3,953585066,1,0,405.0000,432.0000,0,0
Mixed3,953586067,1,1,1260.0000,1182.0000,0,0
Mixed3,953590071,1,1,1278.0000,308.0000,0,0
Mixed3,953591072,1,0,1278.0000,208.0000,0,0
Mixed3,953593074,1,1,592.0000,285.5000,0,0
Mixed3,953594075,1,1,621.0000,283.5000,0,0
Mixed3,974337001,1,0,1808.0000,428.0000,0,0
Mixed3,974338002,1,0,2036.0000,428.0000,0,0
Mixed3,974339003,1,1,2036.0000,428.0000,0,0
Mixed3,974340004,1,1,1808.0000,388.0000,0,0
Mixed3,974341005,1,1,1808.0000,388.0000,0,0
Mixed3,974342006,1,0,1209.0000,388.0000,0,0
Mixed3,974343007,1,1,1209.0000,388.0000,0,0
Mixed3,974344008,1,1,781.0000,387.5000,0,0
Mixed3,974352016,1,0,781.0000,899.0000,0,0
Mixed3,974353017,1,0,781.0000,899.0000,0,0
Mixed3,974354018,1,0,1209.0000,972.0000,0,0
Mixed3,974355019,1,0,1209.0000,408.0000,0,0
Mixed3,974356020,1,0,1209.0000,408.0000,0,0
Mixed3,974357021,1,0,905.0000,813.0000,0,0
Mixed3,974358022,1,0,905.0000,813.0000,0,0
Mixed3,974359023,1,0,1805.0000,1208.0000,0,0
Mixed3,953539020,1,0,2108.0000,308.0000,0,0
Mixed3,705857003,1,1,508.0000,458.0000,0,0
Mixed3,705858004,1,0,508.0000,458.0000,0,0
Mixed3,705873019,1,1,508.0000,458.0000,0,0
Mixed3,705874020,1,0,508.0000,458.0000,0,0
Mixed3,944325005,1,1,1432.0000,558.0000,0,0
Mixed3,944326006,1,1,1432.0000,558.0000,0,0
Mixed3,953578059,1,1,1252.0000,548.0000,0,0
Mixed3,953579060,1,0,1252.0000,548.0000,0,0
Mixed3,944331011,1,1,711.0000,535.5000,0,0
Mixed3,944335015,1,1,711.0000,535.5000,0,0
Mixed3,953592073,1,1,1252.0000,285.5000,0,0
Mixed3,953589070,1,1,1252.0000,308.0000,0,0
Mixed3,944337017,1,1,351.0000,535.5000,0,0
Mixed3,944338018,1,1,351.0000,535.5000,0,0
Mixed3,944339019,1,1,351.0000,535.5000,0,0
Mixed3,953595076,1,1,621.0000,285.5000,0,0
Mixed3,626437006+138628031+953543024,1,1,2108.0000,378.0000,0,0
Mixed3,626471040+705865011+626467036+626476045,1,1,1683.0000,488.0000,0,0
Mixed3,626470039+626455024+626446015,1,1,1178.0000,528.0000,0,0
Mixed3,626472041+705870016+705881027,1,1,960.0000,485.5000,0,0
Mixed3,138625028,1,1,588.0000,188.0000,0,0
Mixed3,138626029,1,1,358.0000,108.0000,0,0
Mixed3,138627030,1,1,358.0000,108.0000,0,0
Mixed3,138630033,1,1,588.0000,188.0000,0,0
Mixed3,138635038,1,0,128.0000,560.0000,0,0
Mixed3,138636039,1,0,480.0000,88.0000,0,0
Mixed3,138637040,1,1,1468.0000,128.0000,0,0
Mixed3,138638041,1,0,1450.0000,88.0000,0,0
Mixed3,147843085,1,1,308.0000,93.0000,0,0
Mixed3,147844086,1,1,308.0000,93.0000,0,0
Mixed3,147845087,1,1,559.0000,93.0000,0,0
Mixed3,147847089,1,0,627.0000,145.0000,0,0
Mixed3,147848090,1,1,308.0000,93.0000,0,0
Mixed3,147849091,1,1,308.0000,93.0000,0,0
Mixed3,147850092,1,1,559.0000,93.0000,0,0
Mixed3,147852094,1,0,627.0000,145.0000,0,0
Mixed3,147854096,1,0,120.0000,427.5000,0,0
Mixed3,147856098,1,0,1868.0000,88.0000,0,0
Mixed3,147857099,1,1,1868.0000,98.0000,0,0
Mixed3,147858100,1,0,1288.0000,88.0000,0,0
Mixed3,147859101,1,1,1288.0000,98.0000,0,0
Mixed3,147875117,1,1,872.0000,98.0000,0,0
Mixed3,147892134,1,1,872.0000,98.0000,0,0
Mixed3,147905147,1,1,390.0000,88.0000,0,0
Mixed3,147906148,1,1,390.0000,88.0000,0,0
Mixed3,194245002,1,0,2203.0000,148.0000,0,0
Mixed3,342149154,1,1,1968.0000,88.0000,0,0
Mixed3,342150155,1,1,390.0000,88.0000,0,0
Mixed3,342151156,1,1,372.0000,88.0000,0,0
Mixed3,342152157,1,1,372.0000,88.0000,0,0
Mixed3,342153158,1,1,390.0000,88.0000,0,0
Mixed3,342154159,1,0,1932.0000,88.0000,0,0
Mixed3,588805008,1,1,508.0000,108.0000,0,0
Mixed3,588806009,1,0,472.0000,93.0000,0,0
Mixed3,588807010,1,0,390.0000,93.0000,0,0
Mixed3,588808011,1,1,390.0000,93.0000,0,0
Mixed3,588809012,1,1,1478.0000,88.0000,0,0
Mixed3,588810013,1,1,390.0000,88.0000,0,0
Mixed3,588811014,1,1,372.0000,88.0000,0,0
Mixed3,588812015,1,1,372.0000,88.0000,0,0
Mixed3,588813016,1,1,390.0000,88.0000,0,0
Mixed3,588814017,1,0,1442.0000,88.0000,0,0
Mixed3,588816019,1,0,1605.0000,108.0000,0,0
Mixed3,588817020,1,1,508.0000,88.0000,0,0
Mixed3,588818021,1,0,472.0000,88.0000,0,0
Mixed3,588819022,1,0,390.0000,88.0000,0,0
Mixed3,588820023,1,1,390.0000,88.0000,0,0
Mixed3,588825028,1,1,1442.0000,98.0000,0,0
Mixed3,588829032,1,1,399.0000,98.0000,0,0
Mixed3,588830033,1,0,399.0000,98.0000,0,0
Mixed3,588846049,1,1,390.0000,93.0000,0,0
Mixed3,588847050,1,0,390.0000,88.0000,0,0
Mixed3,588848051,1,1,390.0000,90.0000,0,0
Mixed3,588849052,1,1,390.0000,88.0000,0,0
Mixed3,588850053,1,1,692.0000,58.0000,0,0
Mixed3,588856059,1,0,692.0000,58.0000,0,0
Mixed3,588857060,1,0,290.0000,58.0000,0,0
Mixed3,588858061,1,0,290.0000,58.0000,0,0
Mixed3,626432001,1,1,832.0000,98.0000,0,0
Mixed3,626436005,1,0,832.0000,98.0000,0,0
Mixed3,626451020,1,0,420.0000,98.0000,0,0
Mixed3,626456025,1,1,420.0000,187.5000,0,0
Mixed3,626457026,1,1,420.0000,187.5000,0,0
Mixed3,626458027,1,1,420.0000,185.5000,0,0
Mixed3,626459028,1,1,2188.0000,98.0000,0,0
Mixed3,626460029,1,0,2188.0000,88.0000,0,0
Mixed3,626461030,1,0,88.0000,210.0000,0,0
Mixed3,626462031,1,0,130.0000,88.0000,0,0
Mixed3,626463032,1,1,1298.0000,88.0000,0,0
Mixed3,626464033,1,0,1280.0000,88.0000,0,0
Mixed3,626466035,1,1,960.0000,98.0000,0,0
Mixed3,626477046,1,1,850.0000,190.0000,0,0
Mixed3,626481050,1,0,868.0000,48.0000,0,0
Mixed3,626482051,1,0,1968.0000,58.0000,0,0
Mixed3,626485054,1,0,1358.0000,88.0000,0,0
Mixed3,705862008,1,1,422.0000,68.0000,0,0
Mixed3,705863009,1,1,358.0000,108.0000,0,0
Mixed3,705864010,1,1,358.0000,108.0000,0,0
Mixed3,705867013,1,0,419.0000,191.0000,0,0
Mixed3,705868014,1,1,358.0000,108.0000,0,0
Mixed3,705869015,1,1,358.0000,108.0000,0,0
Mixed3,705872018,1,0,419.0000,191.0000,0,0
Mixed3,705878024,1,1,422.0000,68.0000,0,0
Mixed3,705879025,1,1,358.0000,108.0000,0,0
Mixed3,705880026,1,1,358.0000,108.0000,0,0
Mixed3,705883029,1,0,419.0000,191.0000,0,0
Mixed3,705884030,1,1,358.0000,108.0000,0,0
Mixed3,705885031,1,1,358.0000,108.0000,0,0
Mixed3,705886032,1,1,360.0000,108.0000,0,0
Mixed3,705888034,1,0,419.0000,191.0000,0,0
Mixed3,759244012,1,1,1528.0000,108.0000,0,0
Mixed3,759245013,1,0,1492.0000,88.0000,0,0
Mixed3,759246014,1,0,390.0000,88.0000,0,0
Mixed3,759247015,1,1,390.0000,88.0000,0,0
Mixed3,759248016,1,1,372.0000,88.0000,0,0
Mixed3,783104069,1,1,1888.0000,88.0000,0,0
Mixed3,783105070,1,0,1888.0000,88.0000,0,0
Mixed3,783106071,1,0,1888.0000,88.0000,0,0
Mixed3,783107072,1,0,88.0000,330.0000,0,0
Mixed3,783108073,1,0,88.0000,330.0000,0,0
Mixed3,783109074,1,0,250.0000,88.0000,0,0
Mixed3,783110075,1,0,250.0000,88.0000,0,0
Mixed3,783111076,1,1,728.0000,88.0000,0,0
Mixed3,783112077,1,0,692.0000,88.0000,0,0
Mixed3,783114079,1,0,728.0000,126.0000,0,0
Mixed3,944321001,1,1,1432.0000,98.0000,0,0
Mixed3,944323003,1,1,2428.0000,108.0000,0,0
Mixed3,944324004,1,1,2428.0000,78.0000,0,0
Mixed3,944340020,1,1,68.0000,375.0000,0,0
Mixed3,944342022,1,1,68.0000,375.0000,0,0
Mixed3,944344024,1,1,358.0000,108.0000,0,0
Mixed3,944345025,1,1,358.0000,108.0000,0,0
Mixed3,944346026,1,1,529.0000,108.0000,0,0
Mixed3,953536017,1,1,372.0000,88.0000,0,0
Mixed3,953537018,1,1,390.0000,88.0000,0,0
Mixed3,953538019,1,0,390.0000,88.0000,0,0
Mixed3,953544025,1,0,497.0000,58.0000,0,0
Mixed3,953545026,1,0,497.0000,58.0000,0,0
Mixed3,953556037,1,0,524.5000,58.0000,0,0
Mixed3,953557038,1,0,524.5000,58.0000,0,0
Mixed3,953558039,1,0,524.5000,58.0000,0,0
Mixed3,953559040,1,0,524.5000,58.0000,0,0
Mixed3,953576057,1,0,408.0000,108.0000,0,0
Mixed3,953577058,1,1,408.0000,78.0000,0,0
Mixed3,953587068,1,0,1278.0000,108.0000,0,0
Mixed3,953588069,1,1,1278.0000,78.0000,0,0
Mixed3,974345009,1,0,781.0000,58.0000,0,0
Mixed3,974346010,1,0,781.0000,58.0000,0,0
Mixed3,974347011,1,0,1209.0000,58.0000,0,0
Mixed3,974348012,1,0,390.0000,58.0000,0,0
Mixed3,974349013,1,0,972.0000,58.0000,0,0
Mixed3,974350014,1,0,390.0000,58.0000,0,0
Mixed3,974351015,1,0,1209.0000,58.0000,0,0
Mixed3,588815018,1,0,958.0000,108.0000,0,0
Mixed3,783113078,1,0,118.0000,108.0000,0,0
Mixed3,626478047,1,1,188.0000,188.0000,0,0
Mixed3,626479048,1,1,188.0000,188.0000,0,0
